Filename,STFMK-20201105-LW19-2373_20201223_091148_004.dat
Motor Spec,L-SF-04, 1760,2.2, 4.7,
Sample Rate,4000
RMS,0.007060,
0.0131399641,
0.0146035813,
0.0088961581,
0.0058859764,
0.0112078059,
0.0131118540,
0.0056782020,
-0.0015384554,
0.0054677408,
0.0105634434,
0.0040061609,
-0.0003116954,
0.0044640810,
0.0063061444,
0.0029877969,
-0.0032245738,
0.0036960747,
0.0104979621,
0.0084359907,
0.0039417502,
0.0053426162,
0.0103598014,
0.0141795641,
0.0099477256,
0.0061880145,
0.0076174401,
0.0123082455,
0.0080687143,
-0.0004334443,
0.0001228190,
0.0074376869,
0.0016169245,
-0.0083740363,
-0.0085849660,
0.0011615911,
0.0007599220,
-0.0042744172,
-0.0031591156,
0.0064455341,
0.0106984042,
0.0006640549,
0.0004395558,
0.0050322413,
0.0077124909,
0.0043796198,
0.0005523658,
0.0045827986,
0.0028724957,
-0.0002320918,
-0.0085645504,
-0.0023306666,
0.0076503810,
0.0043308693,
-0.0055729551,
-0.0057839532,
0.0028977802,
-0.0004587434,
-0.0079319794,
-0.0092711095,
-0.0020365058,
0.0004317195,
-0.0077829096,
-0.0067212060,
-0.0057777786,
-0.0007493839,
-0.0073685939,
-0.0100352792,
-0.0067043435,
-0.0016254541,
-0.0034830251,
-0.0124350023,
-0.0120132174,
-0.0005011147,
0.0040392475,
-0.0038631961,
-0.0103518190,
-0.0025432892,
0.0041341539,
-0.0048800870,
-0.0104430933,
-0.0059984168,
-0.0042210463,
-0.0103513226,
-0.0167225003,
-0.0104728853,
-0.0037629362,
-0.0082628718,
-0.0110612884,
-0.0104622729,
-0.0028591710,
-0.0000193795,
-0.0027063328,
-0.0044605630,
0.0018231135,
0.0053661559,
-0.0023546126,
-0.0079368548,
-0.0012196875,
0.0042621801,
-0.0011346665,
-0.0076052733,
-0.0015432091,
0.0034465839,
0.0012148852,
-0.0068371096,
-0.0050631883,
0.0033515159,
0.0017386792,
-0.0038795099,
-0.0086003849,
0.0012951193,
0.0055633476,
-0.0003110867,
-0.0018184062,
0.0048553529,
0.0122659607,
0.0019256601,
-0.0039951005,
0.0006138853,
0.0085273581,
0.0038084062,
-0.0081809722,
-0.0005600955,
0.0040133633,
0.0019370595,
-0.0039649932,
-0.0051669395,
0.0018734669,
-0.0002144302,
-0.0064192428,
-0.0054909540,
-0.0006455304,
0.0053494414,
0.0036592691,
-0.0000634545,
0.0088467952,
0.0180180948,
0.0102007035,
0.0056579798,
0.0054842960,
0.0142554296,
0.0131069208,
-0.0003176530,
-0.0004546289,
0.0064690961,
0.0025247387,
-0.0054492671,
-0.0005462157,
0.0080394596,
0.0095559722,
0.0022306456,
-0.0000238306,
0.0066916579,
0.0088743847,
0.0054227011,
0.0025948652,
0.0047336956,
0.0107103633,
0.0104062688,
0.0034764563,
-0.0001584190,
0.0080938991,
0.0124412198,
0.0027720153,
-0.0000856479,
0.0047580930,
0.0066198641,
-0.0018519519,
-0.0040524770,
0.0064266012,
0.0101144193,
0.0026961756,
-0.0067061372,
0.0006089049,
0.0063844286,
0.0054185856,
-0.0003090734,
-0.0026771710,
0.0055994317,
0.0050408603,
-0.0000974162,
-0.0018545206,
0.0072361985,
0.0096753649,
0.0020513027,
-0.0027746533,
0.0033874998,
0.0112289246,
0.0025906176,
-0.0059276922,
0.0039260704,
0.0070743547,
-0.0007712903,
-0.0075777862,
-0.0090044234,
-0.0051357262,
-0.0028846692,
-0.0118873594,
-0.0083730873,
-0.0031872385,
-0.0045632641,
-0.0078185135,
-0.0102811409,
-0.0070025176,
-0.0009860264,
-0.0056437380,
-0.0149240363,
-0.0070041362,
0.0012277765,
-0.0038544473,
-0.0123868361,
-0.0091547305,
0.0005928610,
-0.0018560840,
-0.0144590475,
-0.0098793786,
-0.0003773170,
-0.0051786662,
-0.0155711770,
-0.0129355676,
-0.0057352944,
-0.0062585650,
-0.0101924082,
-0.0107991602,
-0.0048821061,
-0.0012464059,
-0.0033778700,
-0.0035356539,
-0.0042082379,
0.0054891109,
0.0045942459,
-0.0023423405,
-0.0020153988,
0.0035802615,
0.0034067899,
-0.0080454871,
-0.0104994942,
-0.0035999899,
0.0003811535,
-0.0095779877,
-0.0109786540,
-0.0048808372,
-0.0014160824,
-0.0045321719,
-0.0087146172,
0.0001234058,
0.0027663577,
-0.0006808722,
-0.0060624629,
-0.0026225583,
0.0064891973,
0.0022003385,
-0.0019032053,
-0.0008787604,
0.0111028636,
0.0080042966,
-0.0034185420,
-0.0038464463,
0.0030340974,
0.0060259961,
0.0015444669,
-0.0058142999,
-0.0010179474,
0.0026008748,
-0.0022312303,
-0.0070465864,
-0.0041952059,
-0.0015665472,
-0.0017540541,
-0.0086938571,
-0.0049783196,
0.0071965349,
0.0095005380,
0.0024045275,
0.0054944907,
0.0133946314,
0.0141297076,
0.0040761842,
0.0011793092,
0.0067397840,
0.0084255133,
0.0022416976,
-0.0004510409,
0.0061434205,
0.0113554848,
0.0080192648,
0.0016718108,
0.0063451845,
0.0085555622,
0.0033446962,
-0.0010885684,
-0.0005230859,
0.0061351019,
0.0083196079,
0.0012401803,
-0.0013510827,
0.0058452683,
0.0130922524,
0.0083939135,
0.0048882100,
0.0101556350,
0.0145417769,
0.0075717312,
-0.0003157498,
0.0070293769,
0.0107139666,
0.0050595179,
-0.0022152830,
0.0010232500,
0.0048457123,
0.0042146984,
-0.0021455903,
-0.0000659857,
0.0059756637,
0.0069643459,
0.0010947380,
-0.0003504478,
0.0038426258,
0.0081340671,
0.0033470953,
0.0009058050,
0.0079426430,
0.0097811874,
-0.0001250292,
-0.0071737086,
-0.0004342822,
0.0024612034,
-0.0020773115,
-0.0097648082,
-0.0087287389,
-0.0005169032,
-0.0041444716,
-0.0087040532,
-0.0074751629,
-0.0053057149,
-0.0029849117,
-0.0100383274,
-0.0098807756,
-0.0064139599,
0.0026340338,
-0.0051302686,
-0.0109339189,
-0.0072002220,
-0.0008655217,
-0.0055754492,
-0.0110533647,
-0.0046134205,
-0.0000525872,
0.0007005898,
-0.0062395828,
-0.0002611478,
0.0045113768,
-0.0034443219,
-0.0096896933,
-0.0104895346,
-0.0039907922,
-0.0080387630,
-0.0134404227,
-0.0179322641,
-0.0135732675,
-0.0043631876,
-0.0045448542,
-0.0055564945,
-0.0045678313,
-0.0006498661,
0.0024862653,
-0.0045991866,
0.0032334959,
0.0101392008,
0.0015647782,
-0.0078656152,
-0.0055059609,
0.0042058718,
0.0041304752,
-0.0040194830,
-0.0108145839,
-0.0066319248,
-0.0010721355,
-0.0069429949,
-0.0046944567,
-0.0038431154,
-0.0037714245,
-0.0040514842,
-0.0088097928,
0.0004196461,
0.0038920084,
-0.0049612392,
-0.0089716483,
0.0018591471,
0.0078219837,
0.0046264883,
-0.0001527240,
-0.0008392977,
0.0021916311,
0.0070046769,
0.0024677091,
0.0014941081,
0.0021259978,
0.0024130542,
-0.0036492271,
-0.0038831779,
0.0001372962,
0.0031920557,
-0.0020664656,
-0.0097297858,
-0.0039711520,
0.0062349741,
0.0047105048,
0.0011977488,
0.0054172482,
0.0126496051,
0.0094671333,
0.0064114439,
0.0093143592,
0.0111552011,
0.0076938369,
-0.0025212809,
0.0008974823,
0.0085958624,
0.0088595422,
0.0021579911,
0.0028692423,
0.0051352298,
0.0079783415,
0.0077538309,
0.0040343958,
0.0058972565,
0.0078111724,
0.0043549053,
0.0021564818,
0.0027127955,
0.0100632152,
0.0090307686,
0.0009990960,
0.0003916172,
0.0141570577,
0.0184078291,
0.0077298540,
0.0035622753,
0.0061272858,
0.0057846815,
0.0031703061,
-0.0002573602,
0.0060816021,
0.0042148549,
-0.0013752213,
0.0012703845,
0.0058407970,
0.0094354330,
0.0079799145,
-0.0003614957,
-0.0030227795,
0.0089356974,
0.0076157944,
-0.0013702123,
-0.0018374954,
0.0014178168,
0.0007195695,
-0.0031962830,
-0.0075467872,
0.0000555521,
-0.0026996867,
-0.0097383112,
-0.0075631281,
-0.0023528505,
0.0008972245,
-0.0053279945,
-0.0085610412,
-0.0077475398,
0.0001245155,
-0.0047617410,
-0.0105168344,
-0.0088523524,
-0.0085967369,
-0.0034376222,
-0.0069599664,
-0.0096725915,
-0.0001810015,
0.0024295421,
-0.0030828505,
-0.0087194238,
-0.0009740103,
-0.0004511483,
-0.0058524050,
-0.0091259470,
-0.0018355174,
0.0046846457,
-0.0045879111,
-0.0039135935,
0.0003073074,
0.0001322603,
-0.0073960149,
-0.0100520058,
-0.0091151204,
-0.0075858929,
-0.0039374740,
-0.0078417677,
-0.0097366534,
-0.0058359820,
-0.0021081008,
-0.0027512023,
-0.0036403281,
0.0017575452,
0.0015177320,
-0.0024138195,
-0.0092688333,
-0.0016849925,
0.0049726740,
-0.0011167530,
-0.0067650876,
-0.0043814862,
0.0009344711,
-0.0015972471,
-0.0081041353,
-0.0071987445,
-0.0011364339,
0.0024666763,
-0.0035799795,
-0.0033646962,
0.0001569327,
-0.0013581634,
-0.0086224964,
-0.0069066426,
-0.0000543838,
0.0036522262,
0.0012033783,
-0.0059534428,
-0.0033004237,
0.0021052025,
0.0046554729,
0.0056400988,
0.0045875423,
0.0084486185,
0.0071601900,
-0.0003630861,
-0.0010488803,
0.0047673327,
0.0020501774,
-0.0073226439,
-0.0099805687,
-0.0048952135,
0.0043744156,
-0.0009290400,
-0.0037366799,
0.0022748632,
0.0101522999,
0.0092366040,
0.0065231314,
0.0101133538,
0.0135188727,
0.0081562456,
0.0035212829,
0.0080651743,
0.0134487730,
0.0084729204,
-0.0007657903,
-0.0030268726,
0.0049830782,
0.0070637204,
0.0074840952,
0.0040190676,
0.0009719512,
0.0098458957,
0.0073010875,
0.0053319978,
0.0073830313,
0.0102480669,
0.0053706355,
0.0011438332,
0.0080636684,
0.0149072614,
0.0127132153,
0.0022316992,
0.0010662508,
0.0100958012,
0.0084908269,
0.0022721875,
-0.0030035814,
-0.0002360633,
-0.0021218851,
-0.0040311888,
-0.0054461560,
0.0008701248,
0.0027596983,
-0.0022092033,
-0.0029944177,
0.0028722263,
0.0125133507,
0.0110878805,
0.0028302809,
0.0067827343,
0.0125310188,
0.0120617170,
0.0023556661,
-0.0021537764,
-0.0009550948,
0.0007460772,
-0.0030877213,
-0.0050287931,
-0.0008718785,
-0.0022051369,
-0.0077634277,
-0.0083251502,
-0.0056070434,
0.0049995352,
-0.0010774409,
-0.0076567144,
-0.0068762004,
0.0000652326,
0.0020008876,
-0.0047592847,
-0.0038842615,
0.0038808095,
0.0036607608,
-0.0063644019,
-0.0084084421,
-0.0025896425,
0.0003966296,
-0.0082432684,
-0.0117192147,
-0.0028671788,
0.0017621146,
-0.0023963223,
-0.0082066273,
-0.0048205922,
-0.0021408352,
-0.0011947950,
-0.0037960424,
-0.0093554184,
-0.0038242321,
-0.0040793512,
-0.0116356034,
-0.0119480044,
-0.0047316337,
0.0016987054,
-0.0050333119,
-0.0129438527,
-0.0073873294,
0.0009468542,
-0.0026147380,
-0.0075754337,
-0.0033943297,
-0.0013952632,
-0.0003227479,
-0.0062718252,
-0.0047418168,
0.0022551878,
-0.0007161088,
-0.0100710243,
-0.0043469723,
0.0025262276,
0.0007797683,
-0.0057168920,
-0.0111903921,
-0.0013059699,
0.0028337273,
-0.0056286738,
-0.0081615504,
-0.0063043092,
-0.0025387639,
0.0002565001,
-0.0046567488,
-0.0067727636,
0.0026883748,
0.0018110673,
-0.0033751570,
-0.0018363469,
0.0047612432,
0.0063524870,
-0.0025706876,
-0.0063092359,
0.0026782169,
0.0083218738,
0.0006566223,
-0.0059122713,
0.0019620627,
0.0050196568,
0.0009915445,
-0.0034672678,
0.0004674579,
0.0065203295,
0.0047831447,
-0.0000095606,
0.0010445542,
0.0113313012,
0.0088342689,
0.0023582166,
0.0008156846,
0.0056592338,
0.0069743115,
-0.0020061573,
-0.0061750524,
-0.0028868357,
0.0033944864,
0.0030527150,
-0.0013998987,
0.0043400195,
0.0101484489,
0.0114622163,
0.0002013141,
0.0005989232,
0.0127969161,
0.0113607589,
0.0036200127,
-0.0002712708,
0.0069262045,
0.0094316453,
0.0062545156,
0.0038015239,
0.0082679568,
0.0119631309,
0.0077763582,
0.0044099921,
0.0037194041,
0.0032767430,
0.0034920846,
-0.0049672984,
-0.0006851311,
0.0078606633,
0.0096877236,
0.0001539564,
-0.0070479335,
0.0078279739,
0.0123780407,
0.0085144285,
0.0005853480,
0.0031434293,
0.0060224636,
-0.0009514599,
-0.0024153092,
0.0029406217,
0.0063500698,
-0.0015450662,
-0.0092250742,
-0.0036921548,
0.0019549052,
0.0055144578,
-0.0035621356,
-0.0086109322,
-0.0038498153,
0.0065211840,
-0.0015145894,
-0.0066531259,
-0.0027288136,
0.0056371223,
-0.0029346044,
-0.0089683048,
-0.0024387117,
0.0068941675,
-0.0007291356,
-0.0109930672,
-0.0021386098,
0.0047067669,
0.0016670036,
-0.0101104602,
-0.0078279348,
0.0003226163,
-0.0047040973,
-0.0063535646,
-0.0078423871,
-0.0033779291,
-0.0006193651,
-0.0048566125,
-0.0076089748,
-0.0064884704,
-0.0015383700,
-0.0072214147,
-0.0150288977,
-0.0135564143,
-0.0033580484,
-0.0044637639,
-0.0125631057,
-0.0117282663,
-0.0046597114,
-0.0008616648,
-0.0084038926,
-0.0088130152,
0.0025647436,
0.0043589864,
-0.0026226044,
-0.0071656820,
-0.0010747116,
0.0031962097,
-0.0009729570,
-0.0074515399,
-0.0059398189,
0.0026295129,
0.0032062258,
-0.0031507863,
-0.0003464737,
0.0048231576,
0.0036807689,
-0.0025999262,
-0.0088844746,
-0.0006463591,
0.0037092101,
-0.0039537074,
-0.0098692961,
-0.0016964599,
0.0027871565,
-0.0007633361,
-0.0060465625,
-0.0001094414,
0.0076676309,
0.0055729039,
-0.0008966166,
0.0010775601,
0.0088263620,
0.0073061627,
-0.0008061301,
-0.0040223780,
0.0046202862,
0.0069393693,
-0.0056900694,
-0.0073228367,
0.0004437909,
0.0055641495,
-0.0000432083,
-0.0023975447,
0.0039667990,
0.0105300993,
0.0032029906,
-0.0044297269,
0.0017047427,
0.0067908601,
0.0045295074,
-0.0019887791,
-0.0065577161,
0.0004097004,
0.0051838281,
-0.0004324872,
-0.0019932061,
0.0056761042,
0.0085467836,
0.0057270559,
0.0032262804,
0.0115029905,
0.0136590898,
0.0055837231,
-0.0018993969,
0.0052231951,
0.0123956809,
0.0092733661,
0.0023350080,
0.0027436959,
0.0102509456,
0.0140044196,
0.0071021221,
0.0080701737,
0.0090805897,
0.0080481144,
-0.0010886440,
-0.0033182944,
0.0026144951,
0.0044587599,
-0.0042524128,
-0.0124827288,
-0.0001250998,
0.0063652969,
0.0052187988,
0.0033441610,
0.0001436174,
0.0113255261,
0.0121887513,
0.0067227213,
0.0069715059,
0.0076327543,
0.0056182691,
-0.0017083845,
-0.0017183765,
-0.0024415050,
0.0014817191,
-0.0069664940,
-0.0160946306,
-0.0096890908,
-0.0022282458,
-0.0047454746,
-0.0116900690,
-0.0073857065,
0.0048918091,
0.0045446181,
-0.0055825640,
-0.0048731393,
0.0062900009,
0.0024681715,
-0.0056955260,
-0.0017242036,
0.0042920895,
0.0026752918,
-0.0081926901,
-0.0137301264,
-0.0089129535,
-0.0073646610,
-0.0098857190,
-0.0118756238,
-0.0109479753,
-0.0061173942,
-0.0052384352,
-0.0080704223,
-0.0025659821,
0.0061611785,
0.0065905969,
-0.0035885498,
-0.0082880836,
-0.0011776264,
0.0002377461,
-0.0045171245,
-0.0107980762,
-0.0050018304,
-0.0040327939,
-0.0104983989,
-0.0133706620,
-0.0039844969,
-0.0019080931,
-0.0076737031,
-0.0138425957,
-0.0050025051,
0.0022267106,
-0.0018801984,
-0.0093730362,
-0.0031020222,
0.0039511202,
0.0041474481,
0.0015153512,
0.0028488594,
0.0041613686,
0.0071224151,
0.0018422161,
-0.0004993191,
0.0048767459,
0.0057183369,
-0.0018337370,
-0.0076424289,
-0.0058887815,
0.0003836731,
-0.0029240134,
-0.0085492069,
-0.0068707955,
0.0027649105,
0.0019785976,
-0.0014733105,
0.0025420394,
0.0081694610,
0.0102319345,
-0.0003125432,
-0.0015393900,
0.0054874457,
0.0036515049,
-0.0038684777,
-0.0043328241,
0.0011190659,
0.0010731239,
-0.0038169739,
-0.0053620338,
0.0038598096,
0.0073373308,
0.0031259232,
-0.0005325667,
0.0015947210,
0.0073926081,
0.0063346345,
-0.0012364213,
-0.0067338496,
0.0033852682,
0.0035528406,
-0.0032898653,
-0.0024904727,
0.0008540319,
0.0052668941,
-0.0025879997,
-0.0032098815,
0.0090922732,
0.0130293816,
0.0073499056,
0.0033047255,
0.0104432628,
0.0131699499,
0.0110328337,
0.0028263680,
0.0067977654,
0.0116506293,
0.0103833824,
0.0086337803,
0.0042048227,
0.0058441535,
0.0041315365,
-0.0008728624,
-0.0012609632,
0.0036262011,
0.0036445237,
-0.0056529054,
-0.0103129623,
0.0000051778,
0.0081746131,
0.0052536549,
-0.0001695172,
0.0045341351,
0.0105778053,
0.0082207080,
0.0049307314,
0.0074352254,
0.0089243799,
0.0002807461,
-0.0056540230,
-0.0033149591,
-0.0033692785,
-0.0021100114,
-0.0094578108,
-0.0094262240,
-0.0056624738,
0.0020756766,
0.0000846090,
-0.0053125219,
0.0015477581,
0.0051475894,
0.0041808933,
-0.0000062079,
0.0030047209,
0.0078760041,
-0.0027035575,
-0.0082825134,
-0.0012539768,
0.0029830849,
-0.0000424962,
-0.0083473129,
-0.0098556001,
-0.0051053502,
-0.0045183469,
-0.0075544347,
-0.0116316285,
-0.0082440926,
-0.0078012897,
-0.0103630386,
-0.0114872167,
-0.0030011390,
0.0009016148,
-0.0021799766,
-0.0051529119,
0.0013680372,
0.0085377693,
0.0079602711,
0.0008921059,
-0.0039513684,
0.0010643327,
0.0006515261,
-0.0079364311,
-0.0050980062,
-0.0069028866,
-0.0053346595,
-0.0096064117,
-0.0101002343,
-0.0027495518,
-0.0020704339,
-0.0086034592,
-0.0092090322,
0.0013374004,
0.0055629862,
0.0023839027,
-0.0014833849,
-0.0012699920,
0.0070213331,
0.0084094135,
0.0028349380,
0.0037368769,
0.0044450741,
0.0018508194,
-0.0049583111,
-0.0053845393,
-0.0035141553,
-0.0032849365,
-0.0120107289,
-0.0151615627,
-0.0108031081,
-0.0042711622,
-0.0054305349,
-0.0078276256,
-0.0012733018,
0.0062640421,
0.0046099606,
0.0012529379,
0.0024698921,
0.0059447861,
0.0012500540,
-0.0036063555,
-0.0033223457,
0.0044973562,
0.0016297868,
-0.0069393213,
-0.0033360887,
0.0028888544,
0.0014406531,
0.0007482138,
0.0005134137,
0.0051164497,
0.0087114675,
0.0041701081,
0.0014098813,
0.0041326173,
0.0100384522,
0.0047057299,
-0.0029037748,
-0.0029771510,
0.0040842076,
0.0064842445,
-0.0017403654,
0.0011940554,
0.0104890717,
0.0092005786,
0.0062332484,
0.0066765007,
0.0141670508,
0.0116108023,
0.0072590364,
0.0066934535,
0.0128969355,
0.0126632219,
0.0052302545,
0.0022449198,
0.0055962261,
0.0123061342,
0.0084438836,
0.0017858758,
0.0029824963,
0.0018004882,
-0.0011490411,
-0.0076799067,
-0.0074243890,
-0.0024083755,
-0.0052618771,
-0.0088037187,
-0.0059126345,
0.0027920774,
0.0083441418,
0.0042749918,
0.0044466457,
0.0135620506,
0.0181429610,
0.0112551525,
0.0037881616,
-0.0020491565,
-0.0000403055,
-0.0006180792,
-0.0078305611,
-0.0085740015,
-0.0033985991,
-0.0063202418,
-0.0109857367,
-0.0107793342,
-0.0041854726,
0.0045416206,
0.0001203898,
-0.0032897037,
0.0095572984,
0.0081457300,
0.0034093163,
-0.0017419939,
0.0035277423,
0.0050397096,
-0.0008902978,
-0.0058198050,
-0.0047146883,
-0.0025327362,
-0.0047471649,
-0.0088830208,
-0.0086406264,
-0.0096822577,
-0.0079891486,
-0.0149561372,
-0.0176351685,
-0.0097196233,
-0.0055131833,
-0.0092070391,
-0.0098801367,
-0.0002124285,
0.0085949395,
0.0067880680,
-0.0014312980,
0.0043518101,
0.0087888399,
0.0042117052,
-0.0033401928,
-0.0028001831,
-0.0011793436,
-0.0053390823,
-0.0127927409,
-0.0128819617,
-0.0073156739,
-0.0093928110,
-0.0166331939,
-0.0138739105,
-0.0064582420,
-0.0012204398,
-0.0039361590,
-0.0070172697,
-0.0035418596,
0.0035082423,
0.0029614635,
0.0025514388,
0.0062766154,
0.0099457614,
0.0078251846,
0.0017266826,
0.0032554113,
0.0069207698,
0.0014127350,
-0.0056680236,
-0.0102299275,
-0.0063691176,
-0.0037389717,
-0.0085524926,
-0.0134016424,
-0.0064406595,
0.0004531223,
-0.0007079395,
-0.0044109849,
0.0009779155,
0.0105031356,
0.0055648796,
-0.0012584169,
0.0040367572,
0.0100043565,
0.0062222742,
-0.0026228875,
-0.0013200161,
0.0094266627,
0.0076461602,
0.0045786705,
-0.0005525862,
0.0036299906,
0.0102310590,
0.0083661256,
0.0044272318,
0.0039213179,
0.0055848463,
0.0003373346,
-0.0076845521,
-0.0032024905,
0.0046055862,
0.0046821646,
-0.0072286520,
-0.0024787316,
0.0074279131,
0.0100819953,
0.0036573971,
0.0044063479,
0.0122622577,
0.0158150699,
0.0088422131,
0.0082054874,
0.0136335334,
0.0130053991,
0.0081288330,
0.0031690574,
0.0059706164,
0.0130734826,
0.0098700915,
0.0008907845,
0.0004693933,
0.0064252545,
0.0039083734,
-0.0003464966,
-0.0067750262,
-0.0045051142,
0.0007792073,
-0.0057932585,
-0.0081865229,
-0.0004137446,
0.0056758728,
0.0023583923,
0.0021608195,
0.0066626975,
0.0154503249,
0.0141615253,
0.0035176668,
0.0030453792,
0.0060710874,
0.0046508922,
-0.0044378890,
-0.0051388233,
-0.0010811011,
0.0001032082,
-0.0074791731,
-0.0145773506,
-0.0035218429,
0.0009026559,
-0.0079672039,
-0.0111284303,
-0.0012748652,
0.0065008826,
0.0039133895,
-0.0033026752,
-0.0010578450,
0.0042377389,
0.0021513663,
-0.0027105960,
-0.0029153572,
0.0008177748,
-0.0005637857,
-0.0065955939,
-0.0093421238,
-0.0065861065,
0.0000457153,
-0.0099079125,
-0.0221036933,
-0.0144817363,
-0.0078079263,
-0.0069051958,
-0.0145625863,
-0.0106522543,
-0.0003574702,
0.0003847699,
-0.0018127658,
0.0015721740,
0.0080700573,
0.0052471533,
-0.0027020085,
-0.0016333517,
0.0005300959,
-0.0000982974,
-0.0092667732,
-0.0153079154,
-0.0080823041,
-0.0029158636,
-0.0093952110,
-0.0164825022,
-0.0125875873,
-0.0028564972,
0.0008495318,
-0.0044493061,
-0.0084051844,
-0.0018642027,
-0.0016309274,
-0.0057521919,
-0.0044565978,
0.0024904881,
0.0038958001,
0.0002959105,
-0.0057363631,
0.0036295154,
0.0136425104,
0.0047322437,
-0.0028213728,
-0.0015696038,
0.0041035819,
0.0040912600,
-0.0079253232,
-0.0080514522,
-0.0035681624,
-0.0028139907,
-0.0109222475,
-0.0076112454,
0.0027992681,
0.0035124200,
-0.0045741983,
-0.0076649245,
0.0072519570,
0.0124026192,
0.0071964092,
0.0014432723,
0.0006622594,
0.0084672812,
0.0040765959,
0.0008173508,
0.0026331102,
0.0069572548,
0.0073345006,
0.0003912188,
0.0016828881,
0.0130310226,
0.0143285319,
0.0033810500,
-0.0040258174,
0.0021824976,
0.0036762529,
-0.0020172442,
-0.0084458124,
-0.0029387858,
0.0036985124,
-0.0012948539,
-0.0020878548,
0.0068068579,
0.0078693582,
0.0070332689,
0.0021303960,
0.0067535779,
0.0157683045,
0.0129713695,
0.0052718986,
0.0011006041,
0.0099814832,
0.0169483982,
0.0107059702,
0.0054133963,
0.0033482332,
0.0069830511,
0.0001547041,
-0.0020143376,
-0.0014265651,
0.0023212419,
-0.0016670896,
-0.0125236269,
-0.0075951377,
0.0024592774,
0.0087892544,
0.0029875631,
-0.0003529937,
0.0078101754,
0.0173924845,
0.0136647206,
0.0087567549,
0.0126689253,
0.0156570990,
0.0075045377,
-0.0004361803,
-0.0020887200,
0.0035993683,
-0.0005595729,
-0.0138566541,
-0.0107472437,
-0.0010098079,
0.0002958513,
-0.0109226517,
-0.0086303251,
0.0027121818,
0.0055693183,
-0.0009015723,
0.0002400066,
0.0042687487,
0.0038202303,
-0.0013867725,
-0.0046070139,
-0.0038152072,
0.0040448145,
-0.0021266474,
-0.0089306487,
-0.0095359748,
-0.0022536411,
-0.0022927194,
-0.0099535426,
-0.0160664394,
-0.0097942092,
-0.0087301563,
-0.0176507868,
-0.0196531042,
-0.0059043453,
-0.0011894845,
-0.0072112791,
-0.0099094976,
0.0004426643,
0.0085211620,
0.0055225771,
-0.0013264174,
0.0012420838,
0.0054772822,
-0.0008073609,
-0.0083699729,
-0.0052567301,
-0.0066913874,
-0.0081737898,
-0.0136611229,
-0.0163185764,
-0.0052719428,
-0.0019900545,
-0.0055756983,
-0.0091776010,
-0.0042099706,
0.0020180731,
0.0000232315,
-0.0058518900,
-0.0002884406,
0.0062953504,
0.0010348829,
-0.0027496577,
-0.0026474569,
0.0055320943,
0.0056241774,
-0.0050876411,
-0.0052551869,
0.0047220564,
0.0066725933,
-0.0017783251,
-0.0063560768,
-0.0020377708,
-0.0002068996,
-0.0050470959,
-0.0117890853,
-0.0010915704,
0.0042887726,
-0.0027005922,
-0.0097603295,
-0.0018959141,
0.0074138590,
0.0049224640,
0.0000179787,
-0.0056335656,
-0.0001899354,
0.0047175717,
-0.0023829821,
-0.0001485386,
0.0000186888,
0.0033634759,
0.0018696496,
-0.0000080916,
0.0095841568,
0.0143221375,
0.0055748178,
-0.0047295936,
0.0033648123,
0.0118834041,
0.0069911769,
-0.0042272061,
-0.0048915250,
0.0008066865,
0.0022005038,
-0.0014596217,
0.0014288414,
0.0082746977,
0.0053318636,
-0.0006088394,
0.0027363892,
0.0100710792,
0.0154986717,
0.0052070236,
0.0015398372,
0.0087947268,
0.0144084226,
0.0121545559,
0.0076489588,
0.0048191762,
0.0069547696,
0.0117629804,
0.0035865537,
0.0032075469,
0.0077431193,
0.0018549837,
-0.0024743823,
-0.0054885494,
0.0005610682,
0.0037672799,
-0.0060547586,
-0.0071471971,
0.0011909548,
0.0120797977,
0.0074181054,
0.0083602201,
0.0144879185,
0.0177919343,
0.0133006945,
0.0031018462,
0.0039476585,
0.0078215748,
-0.0002661807,
-0.0095028784,
-0.0080145877,
-0.0021541992,
-0.0053732162,
-0.0099851359,
-0.0118559543,
-0.0031346430,
-0.0007305584,
-0.0023783941,
-0.0035350958,
0.0024202378,
0.0069748727,
0.0028138224,
-0.0034911183,
-0.0013686400,
0.0040369625,
0.0004380671,
-0.0073498138,
-0.0062365993,
-0.0047500879,
-0.0025500541,
-0.0088206502,
-0.0102370214,
-0.0062237489,
-0.0077462690,
-0.0163732991,
-0.0157031082,
-0.0085358582,
-0.0058118445,
-0.0120927431,
-0.0121347606,
-0.0045378050,
0.0050327559,
-0.0022217846,
-0.0041781510,
-0.0002491825,
0.0045205485,
0.0015580694,
-0.0018810274,
-0.0031684716,
-0.0006710441,
-0.0047534546,
-0.0111970641,
-0.0128484257,
-0.0085358536,
-0.0087532708,
-0.0113881696,
-0.0135294823,
-0.0054809824,
0.0001804657,
-0.0024405718,
-0.0090255812,
-0.0017004401,
0.0033777803,
0.0020943410,
-0.0028384838,
-0.0026936296,
0.0035930329,
0.0034647821,
-0.0026133992,
0.0024069711,
0.0091336817,
0.0035894266,
-0.0040829615,
-0.0049025547,
-0.0003274967,
-0.0020534997,
-0.0107231792,
-0.0102476347,
-0.0007400038,
-0.0003764415,
-0.0048711537,
-0.0062461984,
-0.0007437782,
0.0035734696,
0.0033059521,
-0.0010714066,
-0.0004621493,
0.0061033848,
0.0041478402,
-0.0003550307,
-0.0001356587,
0.0010960877,
0.0030403913,
-0.0063914475,
-0.0020538287,
0.0071740076,
0.0082921805,
0.0011136434,
-0.0003232673,
0.0089029716,
0.0117151756,
0.0053772889,
0.0001483434,
0.0018396273,
0.0040233033,
-0.0016254350,
-0.0008631521,
0.0031922390,
0.0057149474,
0.0030054851,
-0.0032454587,
0.0059150606,
0.0115670264,
0.0127797956,
0.0072134989,
0.0070349430,
0.0128847994,
0.0164718516,
0.0107956687,
0.0021753241,
0.0034208305,
0.0088376412,
0.0042097652,
0.0015460814,
0.0049626166,
0.0073606158,
0.0011370198,
-0.0002490164,
0.0051576942,
0.0099162534,
0.0025318703,
-0.0047434471,
-0.0029535657,
0.0010553837,
0.0045219646,
0.0020928683,
0.0020551055,
0.0096911369,
0.0116518782,
0.0120795090,
0.0065087043,
0.0111690247,
0.0080212895,
0.0008737104,
-0.0070472872,
-0.0038466048,
-0.0005464160,
-0.0091660302,
-0.0166393630,
-0.0161831509,
-0.0105347671,
-0.0055334116,
-0.0106907450,
-0.0080355136,
-0.0000451954,
0.0016823290,
-0.0013605959,
0.0017838973,
0.0078329239,
0.0097234938,
-0.0006224087,
-0.0057903640,
-0.0033987861,
0.0017091393,
-0.0015118631,
-0.0094696172,
-0.0081685968,
-0.0066943117,
-0.0081015229,
-0.0126702730,
-0.0112885181,
-0.0085476711,
-0.0094201937,
-0.0138331316,
-0.0074921921,
0.0005098836,
0.0031446088,
-0.0048632342,
-0.0007078250,
0.0076565966,
0.0082967952,
0.0061017224,
0.0001367421,
0.0002771503,
0.0011324196,
-0.0027732290,
-0.0067847781,
-0.0079046870,
-0.0060274820,
-0.0099357180,
-0.0160387680,
-0.0113396449,
-0.0042160107,
-0.0039537367,
-0.0130644357,
-0.0114163375,
-0.0037393146,
0.0007255516,
-0.0027276867,
-0.0074318899,
-0.0035553202,
0.0016639103,
-0.0010514887,
0.0005782207,
0.0028580553,
0.0066505354,
0.0020139629,
-0.0012425204,
0.0036282991,
0.0101541746,
0.0030841809,
-0.0054581957,
-0.0038946541,
-0.0000569499,
-0.0037880605,
-0.0067781587,
-0.0084516909,
-0.0051943557,
-0.0000292336,
-0.0016157550,
-0.0020254364,
0.0039466727,
0.0092287539,
0.0043882621,
0.0004283899,
0.0048956131,
0.0123802749,
0.0075179851,
-0.0037516491,
-0.0038630790,
0.0026836966,
0.0032932190,
-0.0022832446,
0.0020055063,
0.0077492762,
0.0099922819,
0.0018903235,
0.0029415099,
0.0066741575,
0.0051152571,
-0.0004568561,
-0.0042927098,
0.0006568743,
0.0026731179,
-0.0046041827,
-0.0067669796,
-0.0017281519,
0.0114649059,
0.0130596375,
0.0102763856,
0.0086871041,
0.0118279569,
0.0116046686,
0.0080121923,
0.0084200492,
0.0115147615,
0.0084363287,
0.0014930916,
-0.0019781594,
0.0084735509,
0.0122737307,
0.0057192170,
0.0007735449,
0.0006194790,
0.0037218526,
0.0020146065,
-0.0094803907,
-0.0066667567,
-0.0017361112,
0.0005359288,
-0.0026357593,
0.0007355938,
0.0063576014,
0.0067505687,
0.0061608637,
0.0067776758,
0.0170388669,
0.0180487689,
0.0033830898,
0.0008300466,
0.0043385047,
0.0055579934,
-0.0000956357,
-0.0083972998,
-0.0100693982,
-0.0071649444,
-0.0080402475,
-0.0106620034,
-0.0051480243,
-0.0011678147,
0.0013762439,
-0.0022509401,
-0.0005531062,
0.0063206144,
0.0070279194,
0.0009972432,
-0.0035475297,
0.0023749352,
0.0061596520,
0.0014976268,
-0.0070207515,
-0.0053405785,
0.0042524338,
0.0006484790,
-0.0081115793,
-0.0073524695,
-0.0038157399,
-0.0048190933,
-0.0129558742,
-0.0114558842,
-0.0046716486,
-0.0043548592,
-0.0108994497,
-0.0115859155,
-0.0030846938,
0.0013340227,
0.0005086756,
-0.0022568004,
0.0023941407,
0.0078089628,
0.0037073395,
-0.0047664871,
-0.0054471400,
0.0001069463,
-0.0050410028,
-0.0114673972,
-0.0122048501,
-0.0081819743,
-0.0048128366,
-0.0108474512,
-0.0099672005,
-0.0049029216,
0.0016389288,
-0.0056526088,
-0.0089570824,
0.0004963407,
0.0047438503,
0.0008181047,
-0.0081972117,
-0.0045494637,
0.0061791446,
0.0020634125,
-0.0032203281,
-0.0035637962,
0.0076770447,
0.0035527116,
-0.0030037507,
-0.0032118713,
0.0043284013,
0.0038271220,
-0.0036498574,
-0.0076382970,
-0.0059207445,
-0.0000155302,
-0.0040661832,
-0.0084912758,
-0.0020860364,
0.0039057895,
0.0059767934,
-0.0017479098,
0.0007186391,
0.0068172365,
0.0067551103,
-0.0024700514,
-0.0017055852,
0.0055412012,
0.0053201215,
-0.0043565547,
-0.0036642761,
0.0045596259,
0.0095652118,
0.0059334245,
0.0041945130,
0.0066619087,
0.0118275182,
0.0041623483,
0.0004087311,
0.0007682797,
0.0062862523,
0.0022581939,
-0.0085556572,
-0.0097515453,
-0.0008399714,
0.0050354865,
0.0013267759,
-0.0030368059,
0.0066075935,
0.0153401587,
0.0122217909,
0.0067582638,
0.0134306122,
0.0146081597,
0.0100017767,
0.0044881245,
0.0056092390,
0.0120101515,
0.0077085597,
-0.0003550606,
0.0008371891,
0.0067779403,
0.0110293794,
0.0009551831,
-0.0033840607,
0.0027899905,
0.0075990716,
0.0013209854,
-0.0062712161,
0.0028514189,
0.0060016029,
0.0026881201,
-0.0013559707,
0.0094022509,
0.0185248777,
0.0127408970,
0.0043317857,
0.0037554600,
0.0094091734,
0.0089903250,
0.0013090699,
-0.0059261704,
-0.0054483446,
-0.0025562807,
-0.0113671403,
-0.0119640250,
-0.0060623796,
0.0022019660,
-0.0002211801,
-0.0067013549,
-0.0018092546,
0.0099227009,
0.0110525843,
0.0010705366,
0.0017621135,
0.0055603357,
0.0051753358,
-0.0034202298,
-0.0063119181,
-0.0006502381,
-0.0020789888,
-0.0093736723,
-0.0114755295,
-0.0034109948,
-0.0006866475,
-0.0088298507,
-0.0135394456,
-0.0037372117,
0.0042288327,
-0.0033851280,
-0.0112749487,
-0.0101946807,
-0.0041213245,
-0.0014328328,
-0.0061589149,
-0.0062968587,
-0.0017595254,
-0.0011550031,
-0.0085523371,
-0.0107661523,
-0.0038123364,
-0.0033504707,
-0.0096248211,
-0.0179908499,
-0.0136228763,
-0.0027832494,
-0.0042494629,
-0.0116384830,
-0.0080853663,
0.0014695639,
0.0047113146,
-0.0037456858,
-0.0051691709,
0.0025591049,
0.0048174318,
-0.0070488984,
-0.0066911858,
0.0047341613,
0.0046916641,
-0.0053347480,
-0.0106801838,
0.0001905197,
0.0023971705,
-0.0011203089,
-0.0068037715,
-0.0036921867,
0.0024215905,
0.0024304420,
-0.0016992493,
-0.0036327483,
0.0041829171,
0.0041131894,
-0.0024165593,
-0.0090182656,
0.0026626806,
0.0101189464,
0.0000650361,
-0.0062703323,
0.0007883848,
0.0075316173,
-0.0004501629,
-0.0063328156,
-0.0021226888,
0.0042469027,
-0.0034464805,
-0.0087992856,
-0.0011573570,
0.0032516615,
0.0045461841,
0.0017650076,
0.0038506661,
0.0116694393,
0.0126171540,
0.0042058402,
-0.0029302200,
0.0039852960,
0.0059756595,
0.0018633595,
-0.0061319126,
-0.0100876056,
-0.0007278130,
-0.0035119224,
-0.0045922166,
0.0027616895,
0.0107402336,
0.0119779455,
-0.0015655409,
0.0042773122,
0.0173497684,
0.0177801196,
0.0072387336,
0.0009093704,
0.0058623105,
0.0077903653,
0.0040028971,
0.0022321139,
0.0081308344,
0.0137065994,
0.0077984598,
0.0036385374,
0.0047063371,
0.0099843163,
0.0055643120,
-0.0037174411,
-0.0011128875,
0.0066018784,
0.0030192870,
-0.0087402677,
-0.0047928253,
0.0051821838,
0.0078909500,
0.0047105062,
0.0023821793,
0.0077945013,
0.0092035644,
0.0042127380,
0.0013029503,
0.0001290505,
0.0049182624,
-0.0036137407,
-0.0096092382,
-0.0076687192,
-0.0009608506,
0.0019437139,
-0.0065514725,
-0.0054173237,
0.0042385734,
0.0079005752,
0.0005258506,
-0.0074049542,
0.0008571600,
0.0041140467,
-0.0047735609,
-0.0096278656,
-0.0069760401,
-0.0036249415,
-0.0112014785,
-0.0140737882,
-0.0089653004,
-0.0001532262,
-0.0016284267,
-0.0080757560,
-0.0042035501,
0.0014288373,
0.0008793519,
-0.0030709452,
-0.0072625950,
-0.0033812786,
-0.0002964811,
-0.0049224035,
-0.0097543662,
-0.0008659770,
0.0017492173,
-0.0046146391,
-0.0114009334,
-0.0072360509,
-0.0032516564,
-0.0071991882,
-0.0158569142,
-0.0133634657,
-0.0043679723,
-0.0024365322,
-0.0087124482,
-0.0062938104,
0.0015595380,
0.0039608604,
0.0006460572,
-0.0015898260,
0.0066510448,
0.0084467316,
-0.0021341043,
-0.0056675514,
0.0006203657,
0.0049337586,
-0.0045502004,
-0.0094436221,
-0.0022008973,
-0.0000434677,
-0.0014929518,
-0.0070338370,
-0.0049199280,
-0.0014576656,
-0.0020625137,
-0.0010025997,
-0.0027913202,
0.0018791028,
0.0034426004,
-0.0043687387,
-0.0051008686,
0.0026010175,
0.0080380123,
-0.0000320638,
-0.0069334852,
-0.0005529976,
0.0080928169,
0.0031110097,
-0.0032431094,
0.0011406183,
0.0023008550,
-0.0011855112,
-0.0066457521,
-0.0013140382,
-0.0003916899,
-0.0041074068,
-0.0066703642,
-0.0030313828,
0.0070326910,
0.0081594121,
0.0039953860,
0.0045427456,
0.0102310963,
0.0127038965,
0.0083289258,
-0.0001721719,
-0.0033707437,
0.0007054638,
-0.0013570000,
-0.0063602929,
-0.0049467431,
-0.0003968309,
-0.0001171268,
-0.0031715466,
-0.0002782768,
0.0133879595,
0.0119366143,
0.0042844294,
0.0019346060,
0.0069856513,
0.0117889317,
0.0027546375,
-0.0027874336,
0.0060490356,
0.0083184280,
0.0057598706,
0.0022625437,
0.0088964719,
0.0111820530,
0.0066431463,
0.0010433471,
0.0055246269,
0.0116375554,
0.0027406877,
-0.0060217418,
-0.0008504563,
0.0024921913,
0.0042629293,
0.0019766465,
-0.0005490106,
0.0037425868,
0.0058317743,
0.0012949690,
-0.0016456966,
0.0016792300,
0.0013409487,
-0.0018024356,
-0.0085547809,
-0.0063685616,
-0.0008754695,
-0.0043740701,
-0.0102002453,
-0.0031662488,
0.0045103705,
0.0075135306,
0.0027921691,
0.0061085983,
0.0108035700,
0.0074842777,
-0.0034520761,
-0.0053312001,
-0.0042307582,
-0.0055854633,
-0.0144883720,
-0.0154533470,
-0.0099166464,
-0.0062755398,
-0.0122803096,
-0.0124847852,
-0.0052641695,
-0.0019913185,
0.0012761338,
-0.0001254183,
-0.0015268812,
0.0030678150,
0.0048924722,
-0.0026049251,
-0.0006833487,
0.0039074910,
0.0045176619,
-0.0050039082,
-0.0104673151,
-0.0077843210,
-0.0048876810,
-0.0098545393,
-0.0127134807,
-0.0090759136,
-0.0057119513,
-0.0102062067,
-0.0114452131,
-0.0060072453,
0.0005043152,
0.0011351741,
-0.0028876988,
0.0017096985,
0.0100661423,
0.0064051785,
-0.0011283506,
-0.0005754324,
0.0086454302,
0.0050958768,
-0.0028597491,
-0.0065184068,
-0.0032113690,
0.0007577671,
-0.0047094286,
-0.0050866231,
-0.0054138144,
-0.0008005238,
-0.0015972678,
-0.0068754563,
-0.0030344720,
0.0009633625,
0.0015327696,
-0.0071533443,
-0.0048031942,
0.0011771325,
0.0017391943,
-0.0068761343,
-0.0079496466,
0.0009198720,
0.0032489281,
-0.0025101281,
0.0008229822,
0.0057871463,
0.0060209781,
0.0022230595,
-0.0010315323,
0.0031334592,
0.0052182418,
-0.0036671129,
-0.0046776067,
-0.0009685961,
0.0030507813,
-0.0004467926,
-0.0036937119,
-0.0012040272,
0.0070089139,
0.0083728591,
0.0046078172,
0.0000195389,
0.0042040218,
0.0080587398,
0.0046691722,
0.0017876715,
0.0060981670,
0.0073612179,
0.0033574491,
-0.0005413161,
0.0115348669,
0.0163176879,
0.0129619148,
0.0060802675,
0.0081809862,
0.0127070490,
0.0083487071,
-0.0014618668,
-0.0004249182,
0.0022408029,
0.0020534403,
-0.0031592436,
-0.0015525577,
0.0020130307,
0.0070351465,
0.0020842839,
0.0036183444,
0.0129895294,
0.0149400355,
0.0087870024,
0.0018340956,
0.0060048690,
0.0117880339,
0.0080189770,
-0.0016562410,
-0.0006745650,
0.0020847225,
0.0006492652,
-0.0043151476,
-0.0013502744,
-0.0008653348,
-0.0005218528,
-0.0101594329,
-0.0096022822,
-0.0033947774,
0.0014440487,
-0.0005134799,
-0.0039535160,
0.0016175163,
0.0106991529,
0.0118680876,
0.0068133203,
0.0094458489,
0.0111334948,
0.0074536828,
0.0014563773,
-0.0001000390,
0.0037584312,
-0.0038742016,
-0.0145694744,
-0.0142562995,
-0.0110333636,
-0.0127472486,
-0.0162498262,
-0.0190439727,
-0.0097861551,
-0.0017334435,
0.0003927013,
-0.0021569775,
0.0011466453,
0.0043774294,
0.0059812637,
0.0016253977,
0.0038741133,
0.0070458236,
0.0012764386,
-0.0090520959,
-0.0100249322,
-0.0024555519,
-0.0009740836,
-0.0102097541,
-0.0181357879,
-0.0146963457,
-0.0076808012,
-0.0136726433,
-0.0142871598,
-0.0079869302,
-0.0057777930,
-0.0082353102,
-0.0098412596,
0.0001025694,
0.0085647414,
0.0039227498,
-0.0043076379,
0.0036685567,
0.0081834402,
0.0065055778,
-0.0023160521,
-0.0056889192,
-0.0021313718,
-0.0017931131,
-0.0059497440,
-0.0089804167,
-0.0045993114,
-0.0017042265,
-0.0073579815,
-0.0093332278,
-0.0029637513,
0.0050677843,
0.0002123075,
-0.0064951084,
-0.0045171632,
0.0032535580,
0.0019828177,
-0.0054345243,
-0.0030297216,
0.0050257850,
0.0034290864,
0.0011142525,
0.0020752596,
0.0062748827,
0.0065186098,
0.0015108624,
0.0000833759,
0.0056235027,
0.0077753393,
0.0027203935,
-0.0066012680,
-0.0038525069,
0.0021222578,
0.0029367763,
0.0000330833,
-0.0023294869,
0.0024585393,
0.0051613506,
0.0017448597,
0.0052324440,
0.0116163138,
0.0133702802,
0.0055260612,
-0.0007462413,
0.0077679981,
0.0114456145,
0.0036928719,
-0.0026534284,
-0.0009699680,
0.0107194558,
0.0117687406,
0.0079478053,
0.0053221039,
0.0095059052,
0.0079876706,
-0.0014912013,
0.0027534054,
0.0053999694,
0.0061431895,
-0.0024802003,
-0.0078779142,
0.0029203254,
0.0112497509,
0.0049323747,
0.0009561491,
0.0099556157,
0.0158241242,
0.0132615995,
0.0119500943,
0.0098035932,
0.0133970296,
0.0084087169,
-0.0032569512,
-0.0018641409,
-0.0017634284,
-0.0054753101,
-0.0130051691,
-0.0128469523,
-0.0041488665,
0.0037398422,
-0.0003602689,
-0.0070375153,
-0.0006334652,
0.0053275563,
0.0059038331,
-0.0018394978,
0.0002214634,
0.0092982668,
0.0060975156,
-0.0032041178,
0.0033420124,
0.0134186372,
0.0092182010,
0.0013928504,
-0.0008037699,
0.0056670099,
0.0057020835,
-0.0077590793,
-0.0125850756,
-0.0114161838,
-0.0117636006,
-0.0143854273,
-0.0184369106,
-0.0138957091,
-0.0070974082,
-0.0044389865,
-0.0088939033,
-0.0046551763,
0.0066724727,
0.0062039862,
0.0015250676,
-0.0018654409,
0.0056082755,
0.0063438620,
-0.0007998927,
-0.0065138098,
-0.0031703117,
0.0006647413,
-0.0091379406,
-0.0172880329,
-0.0138491765,
-0.0114557538,
-0.0120374244,
-0.0204758625,
-0.0182218943,
-0.0050845421,
-0.0042237588,
-0.0093543502,
-0.0100615723,
0.0009602308,
0.0079759881,
0.0006692867,
-0.0009317228,
0.0090778423,
0.0125998445,
0.0062960689,
-0.0018856424,
0.0017847798,
0.0060645062,
0.0002631340,
-0.0115435999,
-0.0138875647,
-0.0082895244,
-0.0066280686,
-0.0118282950,
-0.0071544508,
-0.0027004790,
-0.0004084680,
-0.0083782477,
-0.0095677087,
0.0012426344,
0.0087782471,
0.0005307479,
-0.0069625787,
0.0033881962,
0.0082005477,
0.0041902917,
0.0008161977,
0.0014983019,
0.0088132257,
0.0018222888,
-0.0051915683,
0.0000941855,
0.0039957594,
0.0014621712,
-0.0036019634,
-0.0053092656,
0.0015271103,
0.0094200261,
0.0023287672,
-0.0079149762,
-0.0052367589,
0.0033419833,
0.0027060588,
0.0003735124,
0.0046879584,
0.0112525467,
0.0101583898,
0.0005778574,
0.0039192736,
0.0122778881,
0.0065669911,
-0.0022687200,
-0.0028042924,
0.0035912124,
0.0109896669,
0.0008180865,
-0.0025018908,
0.0064191697,
0.0096249282,
0.0072314455,
0.0002449283,
0.0037081006,
0.0055992864,
0.0003829263,
-0.0080327289,
-0.0046357648,
0.0064290864,
0.0044937083,
-0.0024519661,
-0.0006460375,
0.0119030625,
0.0188113786,
0.0151736857,
0.0092205228,
0.0143114030,
0.0177603271,
0.0087285005,
0.0011614895,
0.0045303274,
0.0054912600,
0.0006502940,
-0.0117332535,
-0.0094023505,
0.0001272742,
0.0016950106,
-0.0073716277,
-0.0075293500,
-0.0006369310,
0.0065343706,
0.0043487628,
0.0019028857,
0.0049456619,
0.0116710560,
0.0030259357,
-0.0000278015,
0.0096158572,
0.0147942491,
0.0050679110,
-0.0047960035,
0.0026126953,
0.0100956568,
0.0032133821,
-0.0075133359,
-0.0132807344,
-0.0121139176,
-0.0134762246,
-0.0165578835,
-0.0224878863,
-0.0166453999,
-0.0131211337,
-0.0142475953,
-0.0116743539,
0.0021464664,
0.0078089773,
0.0038530477,
-0.0029925029,
0.0021721842,
0.0129291285,
0.0118049011,
-0.0006116205,
-0.0036462359,
-0.0020729760,
0.0001887159,
-0.0116448719,
-0.0137398168,
-0.0114757577,
-0.0091083683,
-0.0168435723,
-0.0206610393,
-0.0079231989,
-0.0069930353,
-0.0145892128,
-0.0158728454,
-0.0036148252,
0.0053585386,
-0.0026936827,
-0.0074947560,
-0.0033646184,
0.0052754027,
0.0083991708,
0.0037255874,
0.0022203312,
0.0036320202,
0.0053823302,
-0.0030990518,
-0.0077276397,
-0.0032124517,
-0.0034290750,
-0.0099990387,
-0.0191945788,
-0.0118653737,
0.0008499273,
-0.0055043357,
-0.0099032111,
-0.0034735696,
0.0074091787,
0.0032317196,
-0.0030047179,
0.0043034265,
0.0063030887,
0.0078357114,
-0.0005149218,
0.0004528604,
0.0081090275,
0.0048445007,
-0.0031223965,
-0.0057804147,
-0.0008612201,
0.0024818238,
-0.0006184820,
-0.0061519346,
-0.0086359279,
-0.0036960945,
-0.0061037419,
-0.0071594268,
-0.0055042198,
0.0012452457,
0.0025278146,
-0.0048101922,
-0.0032139621,
0.0106733702,
0.0148277916,
0.0060084434,
0.0010475038,
0.0093747946,
0.0135639952,
0.0092732040,
0.0005183506,
0.0045611667,
0.0063651456,
-0.0005242901,
-0.0019883187,
0.0008549937,
0.0045393361,
0.0035734614,
-0.0027938865,
0.0013341497,
0.0113876835,
0.0109738214,
0.0019925009,
0.0005618146,
0.0065455097,
0.0085981358,
0.0040351124,
-0.0014637363,
0.0060820710,
0.0117808590,
0.0099996487,
0.0109178517,
0.0156537220,
0.0199286267,
0.0098482035,
0.0043600001,
0.0087953666,
0.0112283193,
0.0075758649,
-0.0046112384,
-0.0060464717,
-0.0016388150,
0.0036246986,
-0.0009186122,
-0.0040134676,
0.0045415196,
0.0090527581,
0.0010753649,
-0.0057013202,
0.0022894100,
0.0056326319,
-0.0014540761,
-0.0030650939,
0.0038765073,
0.0096300431,
0.0028819523,
-0.0023085852,
0.0061726063,
0.0089664869,
0.0059496667,
0.0019303878,
-0.0016946010,
-0.0005685584,
-0.0017883716,
-0.0068076374,
-0.0158322472,
-0.0157359969,
-0.0151319895,
-0.0195114762,
-0.0232358649,
-0.0146495644,
-0.0039127097,
-0.0035720260,
-0.0048951521,
0.0039769588,
0.0142185800,
0.0109500159,
0.0007955426,
0.0036949161,
0.0075498312,
0.0037115484,
-0.0052301781,
-0.0085057374,
-0.0062000756,
-0.0104700765,
-0.0168699734,
-0.0189320687,
-0.0106944684,
-0.0099596754,
-0.0156531427,
-0.0156429484,
-0.0089354767,
-0.0031653335,
-0.0018349622,
-0.0067367596,
-0.0040127076,
0.0053975275,
0.0062626838,
0.0021572318,
0.0025161724,
0.0057736719,
0.0070545012,
-0.0027580285,
-0.0059726685,
-0.0002793299,
-0.0021296877,
-0.0097947335,
-0.0122876512,
-0.0047211214,
-0.0024985848,
-0.0055622887,
-0.0106588490,
-0.0063171908,
0.0027855651,
-0.0038311002,
-0.0047779698,
-0.0007391413,
0.0051902332,
0.0034095380,
-0.0007209051,
0.0055261324,
0.0080688456,
0.0048693721,
-0.0033998773,
0.0002936875,
0.0082477815,
0.0031862871,
0.0020584310,
-0.0055566379,
-0.0044211252,
0.0004248422,
0.0001482652,
-0.0057648113,
-0.0015032811,
-0.0012001470,
-0.0042918599,
-0.0055988897,
-0.0005669047,
0.0087909698,
0.0073449132,
0.0000095431,
0.0033942328,
0.0116597163,
0.0126727130,
0.0032823379,
0.0045439876,
0.0068160617,
0.0087058218,
0.0053020129,
0.0008735993,
0.0080623757,
0.0074623949,
0.0064940741,
0.0024320311,
0.0093196286,
0.0124243414,
0.0073645059,
0.0016170877,
0.0060274480,
0.0103299804,
0.0072130100,
-0.0011672773,
-0.0041718390,
0.0010613495,
0.0059499713,
0.0021762962,
0.0036902735,
0.0092923976,
0.0136184413,
0.0090022180,
0.0114342673,
0.0141679738,
0.0181095023,
0.0086034788,
0.0039675171,
0.0056777890,
0.0077811256,
0.0034111026,
-0.0048372690,
-0.0042259963,
0.0024782727,
-0.0007369671,
-0.0054152962,
-0.0083060265,
-0.0022169012,
-0.0019522541,
-0.0104741184,
-0.0066223927,
0.0014114180,
0.0031172729,
-0.0032000374,
-0.0014768466,
0.0045991037,
0.0073923585,
0.0077585410,
0.0046061054,
0.0036247445,
0.0057206820,
0.0031449934,
-0.0022995183,
-0.0070570745,
-0.0051292893,
-0.0109340912,
-0.0199606474,
-0.0237485319,
-0.0164064933,
-0.0105026960,
-0.0140650515,
-0.0119647924,
-0.0020619556,
0.0053132796,
0.0040463712,
0.0041684597,
0.0128001301,
0.0127188712,
0.0033850376,
-0.0028485120,
0.0009779641,
0.0021221805,
-0.0033015280,
-0.0104656070,
-0.0103754140,
-0.0070574456,
-0.0115219522,
-0.0171591751,
-0.0153144896,
-0.0102100242,
-0.0062728710,
-0.0080418689,
-0.0116669470,
-0.0057575740,
-0.0001975789,
-0.0023511110,
-0.0023178032,
0.0010335827,
0.0083785169,
0.0040515554,
-0.0045522274,
-0.0003241593,
0.0039000788,
0.0011119575,
-0.0080803307,
-0.0059779193,
-0.0020561656,
-0.0037764385,
-0.0120249670,
-0.0118596815,
-0.0066659548,
-0.0036836008,
-0.0073455279,
-0.0054074889,
-0.0021422287,
-0.0005966421,
-0.0028349026,
-0.0048427787,
0.0047835517,
0.0099758338,
0.0028910034,
-0.0023768374,
-0.0028028688,
0.0031298364,
0.0045200037,
0.0006349449,
-0.0012964192,
0.0054592332,
0.0068946793,
0.0018614031,
0.0018017635,
0.0039529749,
0.0056009623,
-0.0012994708,
-0.0053525735,
-0.0017960119,
0.0003223699,
-0.0052414034,
-0.0103972927,
-0.0028730687,
0.0057218014,
0.0076407841,
0.0017028762,
0.0055101439,
0.0094731422,
0.0102867130,
0.0045587211,
0.0044048368,
0.0129375001,
0.0115731619,
0.0076574478,
0.0069126524,
0.0110529680,
0.0111027490,
0.0048693740,
-0.0031077301,
0.0015524292,
0.0068504829,
0.0013897486,
-0.0074127363,
-0.0078712786,
-0.0009154667,
0.0009587710,
-0.0042495448,
0.0009304484,
0.0066533741,
0.0075588459,
0.0044056904,
0.0092160059,
0.0174312275,
0.0219457503,
0.0152772525,
0.0087789223,
0.0089957593,
0.0115333889,
0.0055235229,
-0.0039715995,
-0.0036572313,
-0.0019492611,
-0.0027998402,
-0.0091304993,
-0.0067189732,
0.0041128886,
0.0007558778,
-0.0056978585,
0.0017265894,
0.0085909739,
0.0075964462,
0.0012653851,
-0.0020278173,
0.0038374972,
0.0101103773,
0.0055227019,
0.0015003281,
0.0011766526,
0.0030845557,
0.0008061198,
-0.0012167962,
-0.0016418865,
0.0028674153,
-0.0015656907,
-0.0157126412,
-0.0160603058,
-0.0081570130,
-0.0047904514,
-0.0109155988,
-0.0140844323,
-0.0064767613,
0.0049542361,
0.0022385255,
-0.0017967923,
0.0049753878,
0.0056442190,
0.0032496895,
-0.0030386457,
0.0024882876,
0.0058152052,
-0.0012810964,
-0.0130970767,
-0.0124237984,
-0.0045044231,
-0.0065526105,
-0.0125923250,
-0.0165212229,
-0.0138219632,
-0.0047696950,
-0.0076542385,
-0.0093822200,
-0.0052039260,
-0.0017944877,
-0.0034221124,
-0.0085643893,
-0.0051484248,
0.0057233907,
-0.0001530012,
-0.0081053609,
-0.0067049684,
0.0036251633,
0.0071317125,
-0.0021117325,
-0.0068244804,
-0.0004407342,
-0.0013890037,
-0.0098735923,
-0.0099110231,
-0.0046156659,
-0.0009563446,
-0.0080716293,
-0.0118823647,
-0.0021410747,
0.0039025350,
-0.0010153510,
-0.0053867772,
0.0000160254,
0.0068212459,
0.0030879935,
-0.0033256810,
-0.0062211743,
-0.0031393003,
0.0004030642,
-0.0013668858,
-0.0022227063,
-0.0003304215,
0.0052559841,
-0.0011876856,
-0.0045924131,
0.0042121168,
0.0096272221,
0.0032143702,
-0.0101890136,
-0.0072435914,
0.0026936058,
0.0015540472,
-0.0049723880,
-0.0046502836,
0.0009834318,
0.0007930564,
-0.0027176766,
-0.0009145346,
0.0061973603,
0.0088899294,
0.0049786698,
0.0013198613,
0.0052831597,
0.0111636436,
0.0085383691,
0.0003029989,
0.0026325276,
0.0116247321,
0.0121062826,
0.0052362685,
0.0029894239,
0.0097126272,
0.0103315674,
-0.0000651747,
0.0008887196,
0.0071818298,
0.0078259604,
-0.0028384165,
-0.0054628123,
-0.0014340775,
0.0066647846,
0.0053315209,
-0.0002991596,
0.0047162925,
0.0120802801,
0.0133275725,
0.0049784193,
0.0045357281,
0.0172410980,
0.0152204186,
0.0039559817,
0.0016969290,
0.0093338247,
0.0102592716,
-0.0018645392,
-0.0078438930,
0.0028593864,
0.0060446057,
0.0003165294,
-0.0060861576,
0.0014883763,
0.0038947922,
-0.0005485134,
-0.0026384331,
-0.0014326039,
0.0061632511,
0.0030129035,
-0.0011126630,
-0.0001512979,
0.0033980224,
0.0093789166,
0.0052693142,
-0.0006913691,
0.0040098135,
0.0080772173,
-0.0025588339,
-0.0115112113,
-0.0067452299,
-0.0029349611,
-0.0070578782,
-0.0193250105,
-0.0116623547,
-0.0029421223,
-0.0039242636,
-0.0095940186,
-0.0040772045,
0.0061554271,
0.0087924032,
0.0033293343,
0.0029625683,
0.0069292397,
0.0073277992,
-0.0038507618,
-0.0108369449,
-0.0091397883,
-0.0038892208,
-0.0089748055,
-0.0167965367,
-0.0178821869,
-0.0084592393,
-0.0068378504,
-0.0156320594,
-0.0125636067,
-0.0057166172,
-0.0045218002,
-0.0101401089,
-0.0117353797,
-0.0025655890,
0.0005500012,
-0.0054750289,
-0.0090383263,
-0.0002524082,
0.0073629427,
0.0031537656,
-0.0046657650,
-0.0006495574,
0.0097420244,
0.0053734798,
-0.0037792523,
-0.0044340929,
0.0003314125,
-0.0050168303,
-0.0141356923,
-0.0121422354,
-0.0027191080,
0.0003201748,
-0.0100899311,
-0.0096517140,
0.0003850981,
0.0064580883,
0.0057873218,
0.0004085404,
0.0020923638,
0.0085311588,
0.0068825288,
0.0019334740,
0.0001033618,
0.0053830957,
0.0036091057,
-0.0035008951,
-0.0068668211,
0.0051019085,
0.0066983048,
-0.0075161876,
-0.0105732102,
-0.0003083423,
0.0045743310,
-0.0030516295,
-0.0060987589,
0.0008475858,
-0.0001726950,
-0.0033220763,
-0.0068420339,
0.0000569956,
0.0050985524,
0.0052010417,
-0.0006951831,
-0.0032631946,
0.0051148487,
0.0062000193,
0.0028719453,
-0.0020363925,
0.0067274831,
0.0116523914,
0.0041372986,
0.0004857826,
0.0080724005,
0.0149299316,
0.0076561151,
0.0019597854,
0.0068539898,
0.0117456922,
0.0067517245,
-0.0032484699,
-0.0021575862,
0.0027225805,
0.0064496254,
0.0000341503,
-0.0012981647,
0.0040104492,
0.0108811855,
0.0069816895,
0.0072654085,
0.0150998235,
0.0195334740,
0.0092315674,
-0.0022076142,
0.0051515317,
0.0104459552,
0.0009599244,
-0.0061100204,
0.0003419057,
0.0052778721,
-0.0003431705,
-0.0069352398,
-0.0052129924,
0.0005233816,
0.0023618548,
0.0001889165,
0.0003137823,
0.0046964628,
0.0058655329,
0.0023509264,
-0.0017097917,
0.0050420230,
0.0099705327,
0.0040849191,
-0.0052354210,
-0.0051496346,
0.0055062789,
0.0066609373,
-0.0048528695,
-0.0081908070,
-0.0033158355,
-0.0053287158,
-0.0158038568,
-0.0175750479,
-0.0120743839,
-0.0105462819,
-0.0112992190,
-0.0100503359,
-0.0005573697,
0.0030958324,
-0.0000090987,
-0.0000846473,
0.0078303721,
0.0142633123,
0.0091262488,
-0.0029057430,
-0.0065123504,
-0.0026574431,
-0.0022387342,
-0.0109938262,
-0.0148623353,
-0.0110639948,
-0.0089575984,
-0.0154848043,
-0.0133516164,
-0.0049476009,
-0.0021567333,
-0.0070297495,
-0.0102823470,
-0.0027963237,
0.0046555940,
-0.0014748069,
-0.0081934696,
-0.0039351126,
0.0057963198,
0.0055500027,
-0.0009311296,
0.0001428258,
0.0053177653,
0.0044000573,
-0.0021506678,
0.0014153521,
0.0077471281,
0.0018022769,
-0.0092352238,
-0.0093386248,
-0.0018193999,
-0.0019336106,
-0.0063912268,
-0.0106033450,
-0.0081659947,
-0.0022676815,
-0.0017398787,
-0.0029663611,
-0.0014073272,
0.0050573261,
0.0007773606,
-0.0045684595,
-0.0034177802,
0.0078785531,
0.0089477506,
-0.0005061204,
-0.0040737372,
0.0028001056,
0.0091604469,
0.0025693302,
-0.0000946814,
0.0071236817,
0.0034767087,
-0.0045443196,
-0.0027351617,
0.0012793229,
-0.0000601276,
-0.0059441701,
-0.0102299629,
-0.0044367132,
0.0038082290,
0.0012673533,
-0.0022361001,
-0.0016056681,
0.0036692396,
0.0109234536,
0.0095001198,
0.0032635722,
0.0092299040,
0.0064119045,
0.0033007925,
0.0035596930,
0.0101352185,
0.0117563130,
0.0008633035,
-0.0054083816,
0.0023041111,
0.0110552665,
0.0063362746,
-0.0013197192,
-0.0039722691,
-0.0037196460,
0.0032555428,
-0.0024436067,
-0.0002232293,
0.0059542246,
0.0082656331,
0.0084735323,
0.0056621246,
0.0139481686,
0.0181343369,
0.0073688002,
0.0022061474,
0.0109664984,
0.0161827598,
0.0032540362,
-0.0028092784,
-0.0018637527,
-0.0012722156,
-0.0054288846,
-0.0072372546,
-0.0024235183,
-0.0020894899,
-0.0059201075,
-0.0072068535,
-0.0057818759,
0.0027690418,
0.0072321766,
0.0044884831,
0.0026843571,
0.0071041994,
0.0092345914,
0.0058398470,
-0.0013026181,
0.0056522782,
0.0132706910,
0.0066891545,
-0.0035680206,
-0.0015080423,
0.0057894215,
-0.0024480813,
-0.0132335518,
-0.0117687378,
-0.0090341736,
-0.0120607298,
-0.0162752233,
-0.0111118229,
-0.0028856313,
-0.0062444694,
-0.0052583800,
0.0002024744,
0.0053058630,
0.0054267636,
0.0037444627,
-0.0020344930,
0.0000838312,
0.0039245058,
0.0002670750,
-0.0076982444,
-0.0092802867,
-0.0068908222,
-0.0062157521,
-0.0109301060,
-0.0098629305,
-0.0014376460,
-0.0052897725,
-0.0139079951,
-0.0113600567,
-0.0052998592,
-0.0016711475,
-0.0062377900,
-0.0085777538,
0.0003264078,
0.0018585955,
-0.0009747918,
-0.0035607694,
0.0014909056,
0.0070990026,
0.0043856618,
0.0012861141,
0.0037273227,
0.0079648281,
0.0007465875,
-0.0087711625,
-0.0029160436,
0.0014422329,
-0.0017451273,
-0.0091851065,
-0.0142947007,
-0.0120962495,
-0.0071252799,
-0.0051769014,
-0.0056807650,
-0.0030789757,
0.0002201691,
-0.0035539772,
-0.0043020900,
0.0038775036,
0.0077797449,
0.0030856365,
-0.0096677635,
-0.0038951670,
0.0055649867,
0.0031615123,
-0.0020050853,
0.0007841791,
0.0046935761,
0.0040872563,
0.0011453461,
0.0011063537,
0.0060544652,
0.0004447339,
-0.0072059035,
-0.0037001241,
-0.0008556515,
0.0009276971,
-0.0036255063,
-0.0089847120,
0.0004400482,
0.0080833323,
0.0078351935,
0.0037317444,
0.0008151872,
0.0051479158,
0.0093210228,
0.0066584996,
0.0068335375,
0.0129358508,
0.0061791698,
-0.0004505021,
0.0022093172,
0.0085793994,
0.0121973306,
0.0067010438,
0.0019346969,
0.0031190701,
0.0089463275,
0.0039230469,
-0.0016611521,
0.0030425121,
0.0034487904,
0.0015186467,
-0.0020787755,
-0.0004241276,
0.0094569484,
0.0074110464,
0.0014667587,
0.0083932793,
0.0153631177,
0.0159533508,
0.0061238329,
0.0035422803,
0.0067457007,
0.0072055724,
0.0045175250,
-0.0032747635,
-0.0012884963,
-0.0031376402,
-0.0052144649,
-0.0012850256,
-0.0004298174,
0.0053360681,
0.0037092557,
-0.0057071391,
-0.0044502523,
0.0031953696,
0.0077271182,
0.0007851291,
-0.0014733429,
0.0007192860,
0.0079294005,
0.0012421678,
-0.0013672542,
0.0073866760,
0.0090697277,
0.0008751923,
-0.0019036744,
0.0015081270,
0.0017208430,
-0.0091396375,
-0.0143522359,
-0.0091634206,
-0.0033521168,
-0.0071553290,
-0.0121452948,
-0.0114213619,
-0.0081168534,
-0.0008377771,
0.0005969020,
-0.0022560682,
0.0024920609,
0.0070825666,
-0.0022727868,
-0.0060165771,
-0.0011555372,
0.0000665167,
-0.0041612429,
-0.0158193149,
-0.0108535402,
-0.0024519619,
-0.0061265463,
-0.0108065819,
-0.0072803078,
-0.0043540639,
-0.0040693693,
-0.0061381161,
-0.0098928306,
-0.0047341683,
-0.0043069771,
-0.0099278558,
-0.0104280058,
-0.0035206052,
-0.0021853715,
-0.0077769808,
-0.0092832418,
-0.0024599175,
0.0051650517,
-0.0012112058,
-0.0050367760,
0.0025381288,
0.0061095329,
0.0058504548,
-0.0021583452,
-0.0052687288,
-0.0014520243,
0.0020228904,
-0.0039721276,
-0.0053068679,
-0.0014329661,
-0.0021878318,
-0.0077872816,
-0.0106482115,
-0.0031879991,
0.0029965206,
-0.0040567974,
-0.0084798243,
-0.0024328348,
0.0045608506,
0.0039694426,
-0.0006864541,
0.0058128363,
0.0092641031,
0.0073740953,
0.0031158542,
0.0014169072,
0.0072237393,
0.0049714455,
0.0014795489,
-0.0008059707,
0.0022654962,
0.0019068390,
-0.0036548334,
-0.0125843808,
-0.0053071752,
0.0009120682,
-0.0003247528,
-0.0053859558,
-0.0056633390,
0.0048111947,
0.0079194177,
0.0010148666,
0.0022121011,
0.0130902231,
0.0147577617,
0.0068419618,
0.0077224607,
0.0101596080,
0.0139550883,
0.0086718220,
0.0028531698,
0.0065430789,
0.0073286882,
0.0045578815,
-0.0014647993,
-0.0033195745,
-0.0009129666,
0.0037219650,
-0.0062722750,
-0.0050041708,
0.0057847165,
0.0099539431,
0.0000374813,
0.0018848169,
0.0137439184,
0.0173137356,
0.0088392450,
0.0041696634,
0.0107803848,
0.0131704062,
0.0045205243,
0.0000543592,
-0.0002814700,
0.0023412581,
-0.0009411161,
-0.0033570183,
-0.0017243237,
0.0035771457,
0.0027066746,
-0.0047961534,
-0.0067601800,
0.0029299371,
0.0110434266,
0.0039288038,
-0.0062052929,
-0.0012280216,
0.0047366386,
-0.0006298166,
-0.0043877284,
0.0031919589,
0.0071744760,
0.0030789922,
-0.0025509528,
0.0006863028,
0.0049967943,
0.0008009718,
-0.0079520307,
-0.0057968805,
-0.0020080567,
-0.0039598541,
-0.0110235717,
-0.0178798623,
-0.0124799963,
-0.0030650571,
-0.0041122707,
-0.0071886936,
-0.0035257989,
0.0037513883,
0.0009767584,
-0.0075826277,
-0.0034979661,
0.0035798065,
0.0010684232,
-0.0115362629,
-0.0139453821,
-0.0057071261,
-0.0044322801,
-0.0066200923,
-0.0080335019,
-0.0026679700,
0.0042681117,
-0.0020538482,
-0.0089886552,
-0.0036912970,
0.0040967031,
-0.0005497314,
-0.0088712154,
-0.0076322304,
-0.0021656153,
-0.0053990455,
-0.0180883408,
-0.0093939072,
0.0002354833,
0.0016578201,
-0.0021210785,
-0.0047127362,
0.0013125291,
0.0073639555,
0.0029740580,
-0.0038015153,
0.0009124341,
0.0024955957,
-0.0031275959,
-0.0087352777,
-0.0052653276,
0.0023030851,
0.0002777882,
-0.0105287079,
-0.0082454439,
0.0007071804,
0.0009419387,
-0.0064109522,
-0.0081725800,
0.0018958892,
0.0029451032,
-0.0011418606,
-0.0019863958,
0.0048093018,
0.0098477788,
0.0037762814,
-0.0006880856,
0.0044817482,
0.0086248079,
0.0065573268,
-0.0012594773,
-0.0009023483,
0.0069110505,
0.0040864069,
-0.0026901131,
-0.0073547289,
-0.0023606434,
0.0038684597,
-0.0028653254,
-0.0056382986,
-0.0000571281,
0.0072155758,
0.0021708482,
-0.0005710173,
0.0060551064,
0.0117138363,
0.0070453947,
-0.0022840768,
0.0011252617,
0.0113055753,
0.0100932447,
0.0050564986,
0.0031238748,
0.0115435198,
0.0129105849,
0.0079094917,
0.0021211689,
0.0106163062,
0.0133692902,
0.0041090101,
-0.0027768523,
0.0018883704,
0.0086749438,
0.0003096568,
-0.0082665030,
0.0035984628,
0.0064513455,
0.0073567876,
0.0023739729,
0.0027006799,
0.0071651954,
0.0088721439,
0.0045522964,
0.0039649950,
0.0073579391,
0.0108306836,
0.0041255676,
-0.0033853462,
-0.0001155160,
0.0116695454,
0.0082086604,
-0.0015689660,
0.0021873978,
0.0061043743,
0.0038568340,
-0.0039274916,
-0.0033684212,
0.0075599654,
0.0044040377,
-0.0064050453,
-0.0060692178,
0.0031973817,
0.0037900349,
-0.0025517168,
-0.0033951316,
0.0071350648,
0.0105838245,
0.0062585301,
-0.0024251980,
-0.0045074350,
-0.0025910011,
-0.0029335192,
-0.0089364117,
-0.0124169886,
-0.0044316165,
-0.0051491531,
-0.0143916113,
-0.0106306886,
-0.0018327682,
0.0049624285,
-0.0048217792,
-0.0112744654,
-0.0023079650,
-0.0003230074,
-0.0064914497,
-0.0143810920,
-0.0087377066,
-0.0043944512,
-0.0074393507,
-0.0106068999,
-0.0076544988,
0.0005730293,
-0.0030694935,
-0.0078373002,
-0.0041230670,
0.0057426416,
0.0053733019,
-0.0061325869,
-0.0098851100,
-0.0020200876,
0.0002653357,
-0.0100812046,
-0.0131942984,
-0.0052228593,
-0.0025909792,
-0.0044854316,
-0.0102106687,
-0.0056826160,
0.0024097073,
0.0035132845,
-0.0017094405,
-0.0017360607,
0.0030680667,
0.0039566485,
-0.0063970583,
-0.0084027024,
-0.0002933659,
0.0030629286,
-0.0080041047,
-0.0093608871,
-0.0018595544,
0.0022583383,
-0.0078300517,
-0.0108103640,
-0.0019915993,
0.0004205560,
-0.0043478431,
-0.0087646320,
-0.0086121233,
-0.0023836601,
-0.0022251620,
-0.0017899978,
0.0013232909,
0.0076172431,
0.0078696376,
0.0025003292,
-0.0001214066,
0.0040799747,
0.0105525684,
0.0006807493,
-0.0073821554,
-0.0033830807,
0.0031546017,
-0.0037941094,
-0.0131877037,
-0.0097616985,
-0.0034408323,
-0.0035094682,
-0.0075205779,
-0.0022153130,
0.0064892638,
0.0081647476,
0.0043255156,
0.0061117765,
0.0126227597,
0.0165683571,
0.0082581518,
0.0050914520,
0.0103018675,
0.0140689742,
0.0074561262,
-0.0016275151,
0.0040342733,
0.0108497022,
0.0058107167,
-0.0035256306,
0.0035943389,
0.0057862224,
0.0020502107,
-0.0035228203,
0.0016505744,
0.0082051447,
0.0084692482,
0.0054977210,
0.0070468942,
0.0141064962,
0.0150537714,
0.0098857135,
0.0069213742,
0.0087565733,
0.0123578114,
0.0048429654,
-0.0020483513,
-0.0038403366,
0.0041356273,
0.0032094824,
-0.0046458254,
-0.0041096299,
0.0024074644,
0.0046098009,
-0.0028650481,
-0.0002771702,
0.0064436444,
0.0050685671,
-0.0013623101,
-0.0041799657,
0.0070310822,
0.0043988316,
-0.0052083647,
-0.0021072885,
0.0045940937,
0.0075650495,
0.0029497861,
-0.0036284896,
-0.0051892060,
-0.0009163421,
0.0002699218,
-0.0047879419,
-0.0062949527,
-0.0047279648,
-0.0043110372,
-0.0100452369,
-0.0080481544,
0.0007265136,
0.0010496952,
-0.0082876701,
-0.0113339163,
-0.0025971781,
0.0007046494,
-0.0014572294,
-0.0102344435,
-0.0085810907,
-0.0016892534,
-0.0065402109,
-0.0104910266,
-0.0068298904,
-0.0035222135,
-0.0055489345,
-0.0126827955,
-0.0056482661,
0.0030819788,
-0.0017432072,
-0.0097904829,
-0.0064685531,
0.0009047429,
-0.0042426535,
-0.0057402016,
-0.0104926676,
-0.0116424933,
-0.0061999359,
-0.0078932168,
-0.0070601096,
-0.0039321342,
0.0012060553,
-0.0014560127,
-0.0058501093,
-0.0049877167,
0.0076998589,
0.0072329510,
-0.0055182860,
-0.0059292694,
0.0009974731,
0.0003241794,
-0.0050697420,
-0.0022744369,
0.0025197419,
0.0013429591,
-0.0029862071,
-0.0019520188,
0.0019317401,
-0.0009783534,
-0.0079035247,
-0.0101147275,
-0.0049765315,
0.0036491053,
-0.0019060825,
-0.0083713317,
-0.0022928158,
0.0040577827,
0.0096866684,
0.0070996080,
0.0079646129,
0.0109257083,
0.0051683881,
0.0015574258,
-0.0014482250,
0.0063735084,
0.0030836049,
-0.0088711977,
-0.0105950618,
-0.0027817013,
0.0029534686,
-0.0017706871,
-0.0037062760,
-0.0007562106,
0.0065908739,
0.0075968211,
0.0058126925,
0.0069119763,
0.0109652858,
0.0101832096,
0.0064754961,
0.0068352353,
0.0102255819,
0.0108860005,
0.0026079630,
-0.0001064563,
0.0113218641,
0.0118652824,
0.0040730671,
0.0027267803,
0.0074200714,
0.0087998975,
0.0047111013,
-0.0002477163,
0.0037733011,
0.0052215806,
0.0016669936,
0.0051830201,
0.0050739595,
0.0096815415,
0.0063789887,
0.0038525704,
0.0042384332,
0.0095334258,
0.0134762730,
0.0059292628,
0.0002409341,
0.0039961981,
0.0091784829,
0.0028901978,
-0.0065360107,
0.0029159545,
0.0079090279,
0.0020264890,
-0.0034327409,
-0.0028889230,
0.0022803701,
-0.0029746138,
-0.0057592839,
-0.0030866587,
-0.0001041274,
-0.0047901496,
-0.0105931461,
-0.0063938219,
-0.0000899693,
0.0023291034,
0.0037332959,
0.0028443160,
0.0051568598,
0.0068811653,
0.0041959044,
-0.0016707003,
-0.0009832039,
0.0030531117,
-0.0013073405,
-0.0087843742,
-0.0088123335,
-0.0078545865,
-0.0107846232,
-0.0187065545,
-0.0139390910,
-0.0038816170,
-0.0019459502,
-0.0064322045,
-0.0052763517,
0.0045775562,
0.0052526370,
-0.0022619893,
-0.0041505191,
-0.0030802917,
-0.0016255754,
-0.0065819970,
-0.0099187363,
-0.0013630595,
-0.0002408086,
-0.0060666837,
-0.0074261986,
-0.0024440731,
-0.0012563972,
-0.0021580365,
-0.0099011865,
-0.0140114361,
-0.0077798935,
-0.0082855243,
-0.0093181748,
-0.0121119674,
-0.0086810179,
-0.0033240949,
-0.0058565340,
-0.0042806095,
0.0027723890,
0.0079392511,
-0.0001142702,
-0.0045846747,
0.0012594817,
0.0067449571,
0.0048825522,
-0.0053625512,
-0.0029324067,
0.0012718809,
-0.0021877189,
-0.0068160985,
-0.0042510303,
0.0011585286,
-0.0013210021,
-0.0030681291,
-0.0032451688,
0.0003728409,
0.0032667178,
-0.0044833324,
-0.0076931296,
-0.0032565081,
0.0051228954,
0.0039517628,
-0.0008547984,
-0.0018960260,
0.0068799797,
0.0083316006,
0.0023919207,
0.0070671989,
0.0102292299,
0.0070690219,
-0.0011403677,
-0.0021165838,
0.0008658730,
0.0012743637,
-0.0059945094,
-0.0102048693,
-0.0037867236,
0.0000058688,
-0.0016500750,
-0.0032034074,
0.0010352208,
0.0101833269,
0.0104653230,
0.0062292418,
0.0108422525,
0.0167387649,
0.0102141090,
0.0028077550,
0.0079593593,
0.0146034434,
0.0142477993,
0.0015688420,
0.0001187681,
0.0038993550,
0.0020773704,
0.0041994937,
-0.0006396903,
0.0004625456,
0.0018576561,
0.0000871146,
-0.0032115404,
0.0008959252,
0.0071021253,
0.0048830854,
0.0013825035,
0.0015320610,
0.0116998311,
0.0154923685,
0.0084442003,
0.0076071830,
0.0127487537,
0.0148439230,
0.0056886636,
0.0018727994,
0.0068145595,
0.0053306115,
-0.0026203627,
-0.0071208747,
0.0012729298,
0.0057843262,
-0.0008353567,
-0.0057302159,
-0.0015411788,
0.0035207171,
0.0039449800,
-0.0026758695,
-0.0023928897,
0.0029205335,
0.0053917333,
0.0023877909,
-0.0007311386,
0.0053628441,
0.0065503744,
-0.0007521316,
-0.0047269822,
-0.0013756773,
0.0035433648,
-0.0009299834,
-0.0114475619,
-0.0074359006,
-0.0030980022,
-0.0023454449,
-0.0104458965,
-0.0083575267,
-0.0020249509,
-0.0005801630,
-0.0062480620,
-0.0076531935,
0.0011161355,
0.0007858631,
-0.0056308578,
-0.0078012217,
-0.0033204188,
-0.0008508846,
-0.0076828157,
-0.0125480015,
-0.0046880925,
0.0001675183,
-0.0070265676,
-0.0105975652,
-0.0060697482,
-0.0018263016,
0.0004880544,
-0.0073967180,
-0.0111673167,
-0.0035146452,
-0.0013859414,
-0.0072967848,
-0.0117215700,
-0.0081434902,
-0.0016603019,
-0.0039904742,
-0.0090374853,
-0.0023091882,
0.0034966331,
-0.0027761497,
-0.0088792415,
-0.0030920783,
0.0043889983,
0.0011220182,
-0.0087070297,
-0.0061411294,
-0.0012573994,
-0.0020945081,
-0.0072500352,
-0.0079042697,
-0.0005998559,
-0.0016945149,
-0.0041695628,
-0.0079704821,
-0.0040885303,
0.0018466420,
0.0019639435,
-0.0036975304,
-0.0054693636,
0.0041491156,
0.0013689552,
-0.0056125065,
-0.0029635392,
0.0086657852,
0.0086218622,
-0.0041295546,
-0.0031219893,
0.0077479761,
0.0101151112,
0.0016048737,
-0.0020602206,
-0.0012905973,
0.0002980177,
-0.0025634067,
-0.0088544376,
-0.0072182957,
-0.0043978137,
-0.0034760577,
-0.0079573141,
-0.0031685950,
0.0038939014,
0.0080284085,
0.0008383318,
0.0032395651,
0.0169165134,
0.0161873139,
0.0093829883,
-0.0004753370,
0.0092518060,
0.0148264142,
0.0086074341,
0.0024170226,
0.0037972231,
0.0068389094,
0.0036000914,
0.0033103905,
0.0061736028,
0.0079656914,
0.0068521360,
-0.0052819843,
-0.0027136623,
0.0062928763,
0.0104449829,
0.0057619996,
-0.0027224147,
0.0046381061,
0.0154994857,
0.0138917891,
0.0070453756,
0.0107075274,
0.0207618773,
0.0109113809,
0.0026884931,
0.0032795686,
0.0065124664,
0.0023191338,
-0.0084165242,
-0.0049276859,
0.0018901309,
0.0038948674,
-0.0050757239,
-0.0032002830,
0.0034788908,
0.0050893142,
0.0057517262,
-0.0001603524,
-0.0016099198,
0.0061623817,
0.0041303579,
-0.0024375850,
0.0017766638,
0.0100932904,
0.0087770456,
-0.0016042423,
-0.0021266772,
0.0050807977,
0.0043451618,
-0.0081920698,
-0.0111574698,
-0.0058008777,
-0.0042607319,
-0.0093556456,
-0.0152490977,
-0.0088674193,
0.0003531491,
-0.0033907185,
-0.0086821597,
-0.0041486402,
0.0063455361,
0.0044080289,
-0.0049088979,
-0.0036071003,
0.0031936932,
-0.0001227174,
-0.0100783678,
-0.0112027917,
-0.0021488869,
-0.0059091770,
-0.0133533627,
-0.0175682418,
-0.0106428098,
-0.0043182829,
-0.0081107859,
-0.0121300146,
-0.0105063431,
-0.0051608873,
-0.0053442679,
-0.0099942908,
-0.0056811287,
0.0015951379,
0.0009010208,
-0.0072170487,
-0.0078507112,
0.0050569787,
0.0091956016,
0.0002435271,
-0.0026624026,
0.0046809753,
0.0068013696,
0.0004257406,
-0.0050574010,
-0.0049140393,
-0.0020309256,
-0.0062305797,
-0.0112708416,
-0.0088614952,
-0.0034217539,
-0.0044454765,
-0.0126342662,
-0.0097177261,
0.0019898794,
0.0074810740,
0.0013595717,
-0.0062276027,
-0.0029360878,
0.0066762273,
0.0015328493,
-0.0033532963,
0.0006949629,
0.0040247249,
-0.0006688449,
-0.0052971258,
0.0006297393,
0.0100458963,
0.0032091478,
-0.0059486721,
-0.0043235915,
0.0022784432,
0.0042980453,
-0.0031778088,
-0.0079615032,
-0.0026206374,
0.0031322190,
-0.0042632520,
-0.0057543861,
0.0017638002,
0.0087268641,
0.0039509628,
-0.0011379230,
0.0085362531,
0.0180491693,
0.0113839488,
0.0014838406,
0.0061870702,
0.0106662316,
0.0051432205,
0.0025800031,
0.0001962783,
0.0031826773,
0.0063900994,
0.0016179152,
0.0012061980,
0.0058467761,
0.0081682010,
0.0035708821,
-0.0007796141,
0.0006721242,
0.0094861574,
0.0091713043,
-0.0033717561,
0.0005421299,
0.0106653031,
0.0090041766,
0.0031160947,
0.0074863508,
0.0170216393,
0.0143090086,
0.0036250302,
0.0017962230,
0.0118183736,
0.0104465690,
-0.0001557407,
-0.0006871363,
0.0002979406,
0.0049620210,
0.0016910275,
-0.0045492887,
-0.0033696939,
0.0019179401,
0.0026292996,
-0.0022603010,
-0.0018608792,
0.0028667445,
0.0036678577,
-0.0045907521,
-0.0051419362,
0.0041655358,
0.0114189200,
-0.0011255448,
-0.0067697195,
0.0011938195,
0.0038571644,
0.0018050423,
-0.0048204772,
-0.0046461779,
-0.0009649349,
-0.0084682396,
-0.0129054841,
-0.0073822471,
-0.0027253674,
-0.0074293613,
-0.0116660306,
-0.0125866467,
-0.0023660976,
0.0030980925,
-0.0057700039,
-0.0062401635,
0.0063571213,
0.0073922663,
0.0010508238,
-0.0035616604,
-0.0014056860,
0.0021912199,
-0.0039132414,
-0.0129384939,
-0.0096189380,
-0.0039785616,
-0.0102541177,
-0.0150702484,
-0.0128140897,
-0.0061010285,
-0.0022133796,
-0.0118752960,
-0.0103292139,
-0.0039581852,
-0.0019077896,
-0.0083516408,
-0.0048285909,
0.0011514307,
0.0071303258,
0.0015700555,
-0.0026028245,
0.0072195604,
0.0089008855,
0.0048069838,
0.0005739031,
0.0021714699,
0.0049069133,
-0.0001703968,
-0.0059146178,
-0.0065058405,
-0.0024585796,
-0.0080213379,
-0.0151647646,
-0.0119724311,
-0.0069743888,
0.0000925840,
-0.0045191310,
-0.0109648891,
-0.0036973972,
0.0058774240,
0.0009325460,
-0.0016005256,
0.0028582867,
0.0073829265,
0.0036099434,
-0.0043988330,
0.0003637686,
0.0094061317,
0.0056958580,
-0.0020122253,
-0.0000278331,
0.0044606118,
0.0040274207,
-0.0033423465,
-0.0062152529,
-0.0003718227,
-0.0006789056,
-0.0067629954,
-0.0109239304,
-0.0070754993,
-0.0014215035,
-0.0046856147,
-0.0049555418,
0.0080594411,
0.0127380909,
0.0083134025,
0.0033769719,
0.0100180153,
0.0137106888,
0.0142088216,
0.0059399512,
0.0030597395,
0.0068315952,
0.0050640143,
0.0030484961,
0.0036112031,
0.0076847384,
0.0065265684,
-0.0029505948,
-0.0069373585,
-0.0043351837,
0.0061136228,
0.0030155608,
-0.0031094933,
-0.0003876607,
0.0050849980,
0.0075730360,
0.0023125270,
0.0065550511,
0.0107590798,
0.0123570766,
0.0079482198,
0.0106021166,
0.0173182264,
0.0094871232,
-0.0010569668,
-0.0012781136,
0.0046786219,
0.0069377194,
-0.0023861309,
-0.0080355331,
-0.0068256888,
-0.0035744661,
-0.0012314639,
-0.0030164216,
-0.0005381546,
0.0018077210,
0.0017447212,
-0.0008264392,
0.0034334455,
0.0128676705,
0.0091327652,
-0.0004287167,
-0.0022353872,
0.0068935012,
0.0120623372,
0.0026646673,
-0.0031010443,
-0.0000315774,
0.0003756367,
-0.0052816817,
-0.0093892282,
-0.0063553550,
-0.0102285463,
-0.0122777047,
-0.0146494573,
-0.0079906806,
-0.0006120710,
-0.0070168022,
-0.0114151612,
-0.0010453794,
0.0072459667,
0.0090666879,
0.0030624256,
0.0006492994,
0.0032652901,
0.0021398000,
-0.0033552221,
-0.0050646351,
-0.0050264080,
-0.0067157773,
-0.0115627907,
-0.0156489387,
-0.0116176959,
-0.0029983786,
-0.0107212011,
-0.0181459039,
-0.0106929373,
-0.0029696177,
-0.0008306719,
-0.0065033920,
-0.0044570100,
0.0028648269,
0.0000159824,
-0.0045483741,
0.0031867062,
0.0032255028,
0.0043019359,
-0.0003151728,
0.0016365366,
0.0098604877,
0.0103758909,
0.0025343806,
-0.0015656155,
-0.0001719258,
0.0004985299,
-0.0013537074,
-0.0078757685,
-0.0131726814,
-0.0075795823,
-0.0107183531,
-0.0131116891,
-0.0077493205,
0.0013995637,
0.0002541142,
-0.0066138343,
-0.0070106126,
0.0036291371,
0.0073966254,
0.0033941907,
0.0004043924,
0.0033279322,
0.0075376178,
0.0057576271,
0.0017858499,
0.0029836460,
0.0084895557,
0.0038581765,
-0.0001058479,
-0.0000127792,
0.0006357866,
-0.0036022207,
-0.0135318860,
-0.0108547648,
-0.0013066897,
-0.0011021352,
-0.0086149778,
-0.0078684799,
0.0029756189,
0.0051679327,
0.0044062431,
0.0079198936,
0.0133625977,
0.0135158701,
0.0105324006,
0.0093749762,
0.0111706918,
0.0131084640,
0.0076042861,
0.0022408443,
0.0032899075,
0.0053365044,
0.0049503036,
0.0006159947,
-0.0032924595,
0.0035677995,
0.0087918453,
-0.0007715659,
-0.0031658818,
0.0037487375,
0.0071485480,
0.0036224611,
-0.0000262709,
0.0073396368,
0.0111364648,
0.0075736735,
0.0071698315,
0.0133353984,
0.0183713716,
0.0123935519,
0.0071800123,
0.0111411531,
0.0078745754,
0.0041368790,
-0.0015996534,
-0.0062476890,
-0.0024103597,
-0.0014399457,
-0.0033198784,
-0.0096030263,
-0.0058717290,
0.0001762463,
-0.0031765029,
-0.0045610573,
0.0026373705,
0.0097687058,
0.0072066169,
0.0006080029,
0.0062606880,
0.0099305799,
0.0085561238,
0.0008592750,
0.0027246100,
0.0088721318,
0.0025434392,
-0.0047970442,
-0.0121359192,
-0.0066463691,
-0.0054632192,
-0.0118296593,
-0.0138101168,
-0.0121004358,
-0.0065815770,
-0.0122055868,
-0.0157788526,
-0.0054854052,
-0.0021159467,
0.0017082936,
-0.0004110358,
0.0041490179,
0.0121298898,
0.0096417386,
0.0066834665,
0.0037197005,
0.0060306406,
0.0029792977,
-0.0070665590,
-0.0127179213,
-0.0131838955,
-0.0114088431,
-0.0208353512,
-0.0230205078,
-0.0194177199,
-0.0122049069,
-0.0128896311,
-0.0188985597,
-0.0089208977,
-0.0019560128,
-0.0025910067,
-0.0038883172,
-0.0002963861,
0.0079116942,
0.0054539796,
0.0005664791,
0.0002067839,
0.0064424016,
0.0077393837,
0.0007375702,
-0.0028632763,
-0.0008437700,
0.0003381157,
-0.0032273675,
-0.0099354275,
-0.0140424632,
-0.0089065842,
-0.0097409142,
-0.0142690688,
-0.0124144414,
-0.0054171286,
-0.0036383735,
-0.0066894321,
-0.0037118874,
0.0071659507,
0.0089558018,
0.0028693860,
0.0001372129,
0.0081015741,
0.0087798052,
0.0056946189,
-0.0010201155,
0.0000868158,
0.0086469250,
0.0037303867,
-0.0017883930,
0.0030035959,
0.0058990973,
0.0020393464,
-0.0057324669,
-0.0031918080,
0.0062711276,
0.0049624890,
-0.0089007653,
-0.0087799337,
0.0003565016,
0.0005294987,
0.0015427971,
-0.0024416356,
-0.0005648236,
0.0096489312,
0.0074203876,
0.0055853254,
0.0105951317,
0.0122151040,
0.0098193912,
0.0046268879,
0.0037541066,
0.0104365228,
0.0146414191,
0.0017179395,
-0.0002436479,
0.0069540776,
0.0084209107,
0.0004855379,
-0.0049596960,
-0.0004067472,
0.0043923249,
-0.0032161502,
-0.0040252232,
0.0044095782,
0.0089310668,
0.0026781482,
0.0006373478,
0.0100386227,
0.0198404528,
0.0212441571,
0.0126164425,
0.0101795848,
0.0135903014,
0.0164149366,
0.0091221165,
0.0026361223,
0.0014594628,
0.0011160763,
-0.0076616812,
-0.0133381030,
-0.0084438864,
-0.0001303765,
-0.0033061346,
-0.0111208875,
-0.0034742942,
0.0063031809,
0.0076294355,
0.0017698591,
0.0014537242,
0.0107297534,
0.0114458743,
0.0062699877,
0.0030511513,
0.0049294536,
0.0057597184,
-0.0011625718,
-0.0043987492,
-0.0033522248,
-0.0013636569,
-0.0106117679,
-0.0209887233,
-0.0151286628,
-0.0073345443,
-0.0148215052,
-0.0195096284,
-0.0154568516,
-0.0057851132,
-0.0019043975,
-0.0033985889,
-0.0056726662,
0.0069969138,
0.0122132292,
0.0071722362,
0.0053020818,
0.0058295680,
0.0092798760,
0.0031911654,
-0.0060860673,
-0.0070689940,
-0.0021855833,
-0.0096061062,
-0.0238962919,
-0.0204109102,
-0.0132364174,
-0.0106680561,
-0.0195139069,
-0.0172170587,
-0.0057416232,
-0.0040997700,
-0.0071254307,
-0.0078567220,
0.0033650883,
0.0043676742,
-0.0013143393,
-0.0034397054,
0.0005118294,
0.0101726465,
0.0077206735,
0.0021802632,
-0.0023608184,
0.0003295695,
0.0005350374,
-0.0078505948,
-0.0086223017,
-0.0020056930,
-0.0027384746,
-0.0153093189,
-0.0204840861,
-0.0070002372,
-0.0021397572,
-0.0069898199,
-0.0132864946,
-0.0082972916,
-0.0002406791,
-0.0007653891,
-0.0022902321,
0.0035407823,
0.0098097138,
0.0081164185,
0.0012592296,
0.0022931667,
0.0068186549,
0.0099435067,
0.0020695224,
-0.0024621922,
0.0051987143,
0.0099847075,
0.0002703654,
-0.0095476480,
-0.0000604725,
0.0045929463,
-0.0018204708,
-0.0095178802,
-0.0091278525,
-0.0022947534,
-0.0067513147,
-0.0079289377,
-0.0032353995,
0.0059917048,
0.0102018612,
0.0049778698,
0.0076483446,
0.0149308555,
0.0224648807,
0.0128276441,
0.0046423967,
0.0048300093,
0.0103019197,
0.0058929943,
-0.0045373766,
-0.0009263560,
0.0067549874,
0.0038606157,
-0.0054077362,
-0.0013419075,
0.0104475254,
0.0073032645,
-0.0033858747,
-0.0033038380,
0.0067287907,
0.0105300974,
0.0030470639,
0.0049670669,
0.0125321643,
0.0166660864,
0.0125370212,
0.0119678266,
0.0124292551,
0.0176619533,
0.0135438405,
0.0047101956,
0.0035189269,
0.0076152808,
0.0048258118,
-0.0063122385,
-0.0100384466,
-0.0044291322,
-0.0011826612,
-0.0101345014,
-0.0114205293,
-0.0029640903,
0.0063977418,
0.0037911327,
-0.0027879067,
0.0075621759,
0.0144859254,
0.0111638485,
0.0051374570,
0.0078525739,
0.0145068765,
0.0095553668,
0.0015233350,
-0.0015944703,
0.0044003297,
0.0013208524,
-0.0119446227,
-0.0158322304,
-0.0092930151,
-0.0089504654,
-0.0131352330,
-0.0197713971,
-0.0139970705,
-0.0044141808,
-0.0089142583,
-0.0089648664,
-0.0024588299,
0.0034698732,
0.0046302956,
-0.0000126659,
0.0036218767,
0.0123994602,
0.0104087694,
-0.0008321665,
-0.0039522392,
0.0006668872,
0.0029754743,
-0.0087995259,
-0.0185135137,
-0.0142554799,
-0.0089420434,
-0.0184309091,
-0.0200932547,
-0.0120195979,
-0.0071281102,
-0.0095779784,
-0.0132649466,
-0.0031002164,
0.0045886068,
0.0030445785,
-0.0029812928,
-0.0006001237,
0.0076410077,
0.0083368234,
0.0033891476,
-0.0034126791,
-0.0000611682,
0.0072869607,
0.0000891806,
-0.0047868462,
-0.0040982254,
-0.0022029546,
-0.0098842960,
-0.0167560559,
-0.0087585626,
-0.0068613663,
-0.0093548167,
-0.0193201657,
-0.0145147126,
-0.0016734726,
0.0009481996,
-0.0002848489,
-0.0020999608,
0.0027520931,
0.0066726091,
0.0018692336,
0.0001452284,
0.0051089395,
0.0071812705,
-0.0000978737,
-0.0068124798,
-0.0011458381,
0.0056854910,
0.0016133557,
-0.0070413901,
-0.0040206336,
0.0031014823,
-0.0002631254,
-0.0065528862,
-0.0110770436,
-0.0035421471,
0.0002500966,
-0.0066694329,
-0.0042560343,
0.0017830207,
0.0052183359,
0.0047161118,
0.0035681934,
0.0091897175,
0.0178497694,
0.0151962917,
0.0078322347,
0.0084186271,
0.0138487536,
0.0129339341,
0.0004031247,
0.0014143105,
0.0116498452,
0.0075262794,
-0.0027757941,
-0.0045444411,
0.0064104768,
0.0045351619,
-0.0025132624,
0.0001071091,
0.0054709390,
0.0064007938,
0.0003336662,
0.0002489211,
0.0052620769,
0.0080913901,
0.0106021333,
0.0088712638,
0.0104136160,
0.0178980343,
0.0178170130,
0.0111719631,
0.0097208172,
0.0165130924,
0.0153239481,
0.0009660502,
-0.0058803950,
-0.0016461217,
0.0003088286,
-0.0076086810,
-0.0113024190,
-0.0053238817,
-0.0028591582,
-0.0037567806,
-0.0061372113,
0.0056561409,
0.0083061792,
0.0068663470,
0.0045323046,
0.0086551150,
0.0148667656,
0.0118095232,
0.0019793208,
0.0019560733,
0.0074077817,
0.0051413779,
-0.0033787868,
-0.0074618733,
-0.0070406627,
-0.0062252320,
-0.0118627567,
-0.0172971506,
-0.0130693987,
-0.0086453632,
-0.0120893810,
-0.0147108622,
-0.0107182488,
-0.0018329105,
-0.0005573173,
-0.0070317690,
-0.0015005550,
0.0059388056,
0.0069421148,
-0.0003554414,
0.0009476449,
0.0059801135,
0.0066179028,
-0.0046055946,
-0.0085252402,
-0.0056762346,
-0.0074308454,
-0.0152149126,
-0.0198180601,
-0.0149672953,
-0.0101741180,
-0.0158436615,
-0.0128613561,
-0.0040903403,
-0.0002110856,
-0.0059766890,
-0.0109740235,
-0.0081553040,
-0.0016699645,
0.0026374976,
-0.0008258945,
-0.0055310978,
0.0005961968,
0.0062118801,
0.0012620506,
-0.0021323075,
0.0024470170,
0.0060652085,
-0.0034803499,
-0.0089269346,
-0.0041385749,
-0.0000926752,
-0.0082249027,
-0.0149134416,
-0.0091285268,
-0.0037080331,
-0.0080164121,
-0.0105223441,
-0.0061596148,
0.0024861363,
0.0033928668,
0.0031558699,
0.0047903992,
0.0070435083,
0.0067498307,
0.0033354159,
0.0043198476,
0.0128721399,
0.0099835191,
0.0053078886,
-0.0030168821,
0.0016640684,
0.0049086465,
0.0027904974,
-0.0055510169,
-0.0067368853,
-0.0008255857,
-0.0048984364,
-0.0106298290,
-0.0076701129,
-0.0030699640,
-0.0021068305,
-0.0064333733,
-0.0014249397,
0.0063304561,
0.0118777193,
0.0083335750,
0.0071323058,
0.0136132119,
0.0197395943,
0.0148733659,
0.0102111045,
0.0141383437,
0.0131747611,
0.0080903331,
0.0008577975,
0.0032865144,
0.0083986400,
0.0000547196,
-0.0056842039,
-0.0016118771,
0.0031261195,
0.0024731355,
-0.0007862169,
-0.0029577790,
0.0024081510,
0.0109926295,
0.0097592836,
0.0102212261,
0.0137070846,
0.0170325991,
0.0152570857,
0.0119299646,
0.0167035442,
0.0229153819,
0.0107585900,
-0.0026154958,
-0.0030046790,
0.0008148932,
0.0005418580,
-0.0096643483,
-0.0116693750,
-0.0084768757,
-0.0076782694,
-0.0106225871,
-0.0080709234,
0.0002908131,
0.0022061849,
0.0026630329,
0.0029847967,
0.0107060242,
0.0160460602,
0.0071542934,
0.0051686862,
0.0112298271,
0.0135193057,
0.0068416083,
-0.0021196106,
-0.0040748152,
-0.0038916450,
-0.0029989707,
-0.0093770949,
-0.0122229001,
-0.0094619431,
-0.0118743479,
-0.0163795501,
-0.0162185375,
-0.0093408544,
-0.0062480839,
-0.0099487714,
-0.0116662076,
-0.0063136946,
0.0034332110,
0.0022763929,
-0.0016756146,
0.0036361618,
0.0107469540,
0.0078961728,
0.0000131296,
0.0012996328,
0.0012772263,
-0.0048704571,
-0.0157133900,
-0.0142927282,
-0.0072605982,
-0.0116880704,
-0.0203735158,
-0.0162076429,
-0.0134162381,
-0.0083612204,
-0.0053355442,
-0.0055102329,
-0.0042775101,
-0.0015315315,
-0.0045126248,
-0.0056796316,
0.0002199014,
0.0082914326,
0.0052148285,
-0.0032097034,
-0.0049574459,
0.0086612757,
0.0066968594,
0.0003858299,
-0.0046748603,
-0.0008762967,
-0.0022516544,
-0.0056231651,
-0.0101534920,
-0.0054794950,
-0.0047762720,
-0.0115081780,
-0.0111976909,
-0.0048419903,
-0.0054130186,
-0.0056883441,
-0.0097466409,
-0.0061471891,
0.0051113400,
0.0082668401,
-0.0011970187,
0.0017646218,
0.0089983894,
0.0087530231,
0.0098551530,
0.0067693670,
0.0085459854,
0.0081329849,
-0.0012265453,
-0.0005120424,
0.0010997590,
0.0020503115,
-0.0055482867,
-0.0136988927,
-0.0065203756,
-0.0021199405,
-0.0005451114,
-0.0076312954,
-0.0071072849,
0.0025474860,
0.0064269179,
0.0044199154,
0.0030869807,
0.0111506246,
0.0147562288,
0.0087042181,
0.0067945658,
0.0115298424,
0.0155196358,
0.0048180176,
0.0005687978,
0.0079424763,
0.0084923664,
0.0008578909,
-0.0049975137,
-0.0028315098,
0.0014353568,
-0.0011149162,
-0.0014162039,
-0.0006700178,
0.0015805378,
0.0038897158,
0.0010916919,
0.0011157468,
0.0075799394,
0.0148180416,
0.0102526229,
0.0068421578,
0.0132867470,
0.0164072253,
0.0123738963,
0.0057942104,
0.0098309163,
0.0144801326,
0.0085298577,
-0.0033113132,
-0.0035461909,
0.0038387305,
-0.0029708953,
-0.0083789723,
-0.0099731591,
-0.0051166252,
-0.0017226051,
-0.0047681243,
0.0000516504,
0.0084093120,
0.0154317468,
0.0102286935,
0.0069679040,
0.0123986034,
0.0113488417,
0.0070652994,
-0.0032920551,
-0.0044643534,
0.0030962308,
-0.0016391091,
-0.0075080716,
-0.0098980861,
-0.0070752511,
-0.0066626407,
-0.0106792022,
-0.0104050934,
-0.0045920773,
-0.0012211339,
-0.0090273516,
-0.0127416141,
-0.0060016224,
0.0016013772,
-0.0017759275,
-0.0075901775,
-0.0032929541,
0.0054037622,
0.0053247241,
-0.0019665782,
-0.0022204819,
0.0042433254,
-0.0004613457,
-0.0079618124,
-0.0090853479,
-0.0030924836,
-0.0036134499,
-0.0135938656,
-0.0168198943,
-0.0084467316,
-0.0059681828,
-0.0091857472,
-0.0134343235,
-0.0116277281,
-0.0051311860,
-0.0029774618,
-0.0077483645,
-0.0060783718,
-0.0014839047,
0.0003348948,
-0.0068150279,
-0.0036205985,
0.0057499581,
0.0072662956,
-0.0010192172,
-0.0058152648,
0.0028559254,
0.0049596797,
-0.0042769630,
-0.0088237049,
-0.0060162325,
-0.0058598574,
-0.0093502654,
-0.0122445729,
-0.0118221669,
-0.0044035492,
-0.0040662410,
-0.0084999800,
-0.0026221517,
0.0036063478,
0.0084842285,
-0.0008366152,
-0.0047645792,
0.0035133045,
0.0087378537,
0.0046907500,
-0.0011529522,
0.0019143511,
0.0084996000,
0.0022585313,
-0.0018328206,
-0.0011011696,
0.0035340507,
-0.0007399114,
-0.0102398777,
-0.0092183417,
-0.0028473812,
-0.0009068184,
-0.0079500545,
-0.0095439926,
-0.0030618543,
0.0058048056,
0.0007703082,
-0.0032594288,
0.0069026193,
0.0143682407,
0.0096564684,
0.0038905106,
0.0121453069,
0.0212459229,
0.0160026066,
0.0035888145,
0.0052728076,
0.0148158055,
0.0076891412,
-0.0010179019,
-0.0004514105,
0.0030937246,
0.0038519688,
0.0000369237,
-0.0034222552,
0.0026595287,
0.0086121364,
0.0064727254,
0.0039772037,
0.0098815551,
0.0150818424,
0.0139397532,
0.0018116557,
0.0035826396,
0.0162730888,
0.0169960279,
0.0084455237,
0.0043105995,
0.0095302453,
0.0108989812,
0.0044768983,
0.0005887555,
0.0045825220,
0.0033435021,
-0.0034413927,
-0.0063986043,
-0.0014596916,
0.0026223720,
-0.0026134783,
-0.0084235249,
0.0007827861,
0.0125991888,
0.0107058771,
0.0026916121,
0.0009919789,
0.0081419228,
0.0117706172,
0.0080110552,
0.0015605425,
0.0029176858,
0.0035106228,
-0.0056144553,
-0.0098202731,
-0.0038940122,
-0.0007989464,
-0.0046410398,
-0.0136929555,
-0.0099142371,
0.0010052325,
0.0011745483,
-0.0097262869,
-0.0076045510,
0.0004585069,
0.0023324031,
-0.0046489751,
-0.0094768088,
-0.0024766102,
-0.0006191552,
-0.0061515225,
-0.0101828743,
0.0020458952,
0.0024130982,
-0.0068467115,
-0.0145224407,
-0.0087111583,
-0.0006959846,
-0.0029269396,
-0.0126770418,
-0.0124881081,
-0.0088067679,
-0.0070471400,
-0.0109814890,
-0.0085163638,
-0.0026761196,
0.0014883489,
-0.0070094252,
-0.0130858663,
-0.0023267823,
0.0058263210,
-0.0023949521,
-0.0128489323,
-0.0077550523,
0.0028045990,
-0.0024479243,
-0.0072645298,
-0.0060931318,
0.0021329015,
-0.0025230020,
-0.0050583556,
0.0002801755,
0.0014138449,
0.0003103415,
-0.0059712669,
-0.0094944891,
-0.0038886955,
0.0016383191,
-0.0036416424,
-0.0128717674,
-0.0079084728,
-0.0004910157,
0.0005163968,
-0.0060445764,
-0.0059140436,
0.0037958580,
0.0008817437,
-0.0052229669,
-0.0007413998,
0.0072202254,
0.0049274736,
-0.0023720618,
-0.0045242012,
0.0042126379,
0.0090092178,
-0.0004884625,
-0.0054546474,
-0.0048137554,
0.0007106756,
0.0011842899,
-0.0069975578,
-0.0058105891,
0.0035042153,
0.0020696786,
-0.0073425826,
-0.0022552777,
0.0077001774,
0.0121947182,
0.0031146328,
0.0032280544,
0.0154882399,
0.0178526044,
0.0069787260,
0.0058066933,
0.0127266590,
0.0139868241,
0.0053758635,
0.0031960013,
0.0051183859,
0.0069470350,
0.0015728292,
-0.0039922842,
-0.0013677840,
0.0051835934,
0.0069424910,
-0.0008982969,
-0.0015939364,
0.0045996290,
0.0103237685,
0.0069144648,
0.0021560269,
0.0101296967,
0.0151246618,
0.0077197561,
0.0037467484,
0.0122590493,
0.0184024572,
0.0111715393,
0.0024917910,
0.0062421272,
0.0106822373,
0.0043350081,
-0.0022954578,
-0.0054276497,
0.0007131391,
-0.0029000319,
-0.0061857281,
-0.0068232650,
0.0015012417,
0.0034635752,
0.0011272994,
-0.0012832693,
0.0044996864,
0.0087079676,
0.0029212155,
-0.0035544506,
-0.0000391890,
0.0044617378,
0.0018933490,
-0.0063159848,
-0.0023320769,
0.0005421327,
-0.0003053500,
-0.0083650937,
-0.0106626740,
-0.0011493162,
0.0021179048,
-0.0052723484,
-0.0095422929,
-0.0021380913,
0.0030248822,
-0.0039708270,
-0.0090859672,
-0.0014285285,
0.0027233779,
-0.0013856728,
-0.0104926294,
-0.0018767414,
0.0039372584,
-0.0021546395,
-0.0113711003,
-0.0095571950,
-0.0015021723,
-0.0010800466,
-0.0069375983,
-0.0087482566,
-0.0089906175,
-0.0051404545,
-0.0073654256,
-0.0077489531,
-0.0020168603,
0.0008223697,
-0.0030733473,
-0.0097206729,
-0.0031683026,
0.0017786929,
-0.0047254181,
-0.0138440253,
-0.0097703431,
0.0008173164,
-0.0001109695,
-0.0094424440,
-0.0045832037,
0.0002959172,
0.0002449675,
-0.0024011845,
0.0014955276,
0.0060198405,
0.0031654257,
-0.0039849873,
-0.0047942810,
0.0006004874,
0.0027121396,
-0.0028888974,
-0.0097229062,
-0.0062452573,
-0.0013071245,
-0.0021883750,
-0.0073933909,
-0.0105277337,
-0.0009414285,
0.0011433423,
-0.0028663031,
-0.0023889006,
0.0039914506,
0.0032724487,
-0.0015529045,
0.0023745364,
0.0077895792,
0.0103032533,
0.0021802497,
-0.0036352428,
0.0025867692,
0.0050347834,
0.0029797072,
-0.0055283653,
-0.0039062309,
0.0014001273,
-0.0018849411,
-0.0070432015,
-0.0037156451,
0.0039675063,
0.0004358203,
-0.0045738830,
-0.0021036435,
0.0075731175,
0.0079284161,
0.0023753773,
0.0037858654,
0.0094196200,
0.0103875576,
0.0084334463,
0.0019099849,
0.0035331829,
0.0071471394,
0.0045767264,
-0.0008555448,
0.0007501449,
0.0027154943,
0.0043781945,
-0.0033230076,
-0.0022254980,
0.0072454107,
0.0108390991,
0.0038949936,
0.0054646935,
0.0110359294,
0.0137334084,
0.0078871138,
0.0044154059,
0.0100988010,
0.0104160588,
-0.0008158197,
-0.0015247713,
0.0024088249,
0.0057455841,
0.0023347454,
-0.0007818619,
0.0054704146,
0.0080166971,
0.0054143099,
-0.0038215772,
0.0008630612,
0.0039251568,
0.0035483851,
0.0041387053,
-0.0028439951,
0.0049219690,
0.0060659992,
-0.0010767069,
-0.0011872863,
0.0025898146,
0.0051251566,
-0.0018173504,
-0.0066706776,
-0.0069214222,
-0.0016867782,
-0.0053127930,
-0.0106672207,
-0.0057244790,
0.0018256395,
0.0001551914,
-0.0018343395,
-0.0010493832,
0.0069926968,
0.0064638951,
-0.0005300404,
-0.0014235962,
0.0032306863,
-0.0011256327,
-0.0095963422,
-0.0116211325,
-0.0063207098,
-0.0040960135,
-0.0092331106,
-0.0148132853,
-0.0080708098,
-0.0031832142,
-0.0042517893,
-0.0065631238,
-0.0069313999,
-0.0022674706,
0.0022242216,
-0.0038666523,
-0.0036108086,
0.0048803664,
0.0042503849,
-0.0052793389,
-0.0068924744,
0.0013292248,
0.0022122005,
-0.0079077119,
-0.0132650118,
-0.0036694042,
-0.0014794776,
-0.0092851548,
-0.0110492017,
-0.0041143047,
-0.0034168994,
-0.0065780436,
-0.0060469895,
-0.0011299233,
0.0020539565,
0.0006004982,
-0.0018298294,
0.0028382270,
0.0034266768,
0.0033754229,
-0.0033941844,
-0.0064850128,
-0.0010626225,
0.0020065266,
-0.0024456759,
-0.0125408126,
-0.0072908630,
-0.0027404584,
-0.0078948531,
-0.0054629697,
-0.0027564869,
0.0022805200,
-0.0031927400,
-0.0063841250,
-0.0006609467,
0.0059491741,
0.0069707232,
0.0005121851,
0.0027479765,
0.0060202433,
0.0095454510,
0.0030072022,
-0.0017495218,
0.0037926277,
0.0009194482,
-0.0020227495,
-0.0064687412,
-0.0007649314,
0.0021595638,
-0.0038539220,
-0.0067138961,
0.0006011307,
0.0075573158,
0.0052494998,
0.0000831048,
0.0010853087,
0.0060238559,
0.0091036838,
0.0042705606,
0.0068070032,
0.0090914806,
0.0101335524,
0.0029501833,
0.0021833433,
0.0086974343,
0.0113396104,
0.0009425269,
-0.0032520266,
-0.0005172265,
0.0080680652,
0.0058281980,
0.0022189370,
0.0045232810,
0.0109811779,
0.0112015530,
0.0069928048,
0.0104431706,
0.0113468887,
0.0095789218,
0.0042691575,
0.0053032963,
0.0123015931,
0.0082690734,
-0.0017506030,
-0.0023790007,
0.0055446941,
0.0081021860,
0.0057728654,
0.0013638351,
0.0031765203,
0.0052480963,
0.0067497529,
0.0002636483,
-0.0006433857,
0.0054887338,
0.0024758317,
-0.0016866402,
0.0004933694,
0.0049186684,
0.0034204107,
-0.0058858385,
-0.0088828523,
-0.0015033392,
0.0043459660,
-0.0010128457,
-0.0052850619,
-0.0031304173,
0.0003813337,
-0.0004570316,
-0.0032806175,
0.0008281857,
0.0058274586,
0.0014483572,
-0.0034025330,
-0.0002815107,
0.0050736070,
0.0011573144,
-0.0084626833,
-0.0056468071,
0.0009815136,
-0.0015472586,
-0.0077920035,
-0.0125785340,
-0.0109238792,
-0.0097008962,
-0.0130662229,
-0.0126835136,
-0.0100415032,
-0.0053493595,
-0.0080283191,
-0.0126783699,
-0.0070093209,
0.0040351395,
0.0028198061,
-0.0085971430,
-0.0085514905,
0.0010045372,
0.0021703930,
-0.0050352477,
-0.0051224278,
-0.0004290072,
-0.0042748819,
-0.0133686829,
-0.0115525266,
-0.0092146853,
-0.0067920382,
-0.0075081810,
-0.0110503528,
-0.0049037789,
0.0027653212,
-0.0008936579,
-0.0043763043,
-0.0002182165,
0.0084607312,
0.0093153855,
0.0021870728,
-0.0025959653,
0.0001579202,
-0.0016014576,
-0.0046198210,
-0.0043151057,
-0.0027970029,
-0.0028810711,
-0.0094095580,
-0.0154022500,
-0.0038566184,
0.0011277166,
-0.0037617448,
-0.0084877405,
-0.0066683856,
0.0011834229,
0.0059249494,
0.0009048791,
-0.0007263336,
0.0089676250,
0.0091955317,
0.0025889748,
0.0041397656,
0.0062437360,
0.0122911837,
0.0012389653,
-0.0055757123,
0.0000384855,
0.0033864912,
-0.0043452852,
-0.0078072301,
-0.0016610952,
0.0049050869,
0.0022231811,
-0.0013660995,
-0.0022950417,
0.0056999405,
0.0056030452,
0.0013065834,
0.0058665988,
0.0093868636,
0.0110313380,
0.0051764143,
0.0003333786,
0.0076300502,
0.0142964292,
0.0097793434,
0.0017469600,
0.0021102498,
0.0085478192,
0.0068815220,
0.0012929888,
0.0068538818,
0.0178035051,
0.0128531773,
0.0013357151,
0.0027463818,
0.0120727820,
0.0095230443,
0.0017017128,
-0.0020372653,
0.0046595810,
0.0074917893,
0.0034510880,
0.0001372983,
0.0034234109,
0.0057931920,
0.0043589007,
0.0031742188,
0.0055532954,
0.0093065938,
0.0096284747,
-0.0008781176,
0.0006610842,
0.0085339984,
0.0091796480,
-0.0003442306,
-0.0061306078,
0.0011496852,
0.0035801067,
-0.0003797652,
-0.0058079935,
-0.0015602300,
0.0024508035,
-0.0062381481,
-0.0083191749,
-0.0073199021,
0.0020162323,
-0.0007616596,
-0.0078165540,
-0.0039604437,
0.0038335901,
0.0069771437,
-0.0017598098,
-0.0025193787,
0.0073897615,
0.0067089987,
-0.0009568930,
-0.0084958905,
-0.0032792031,
0.0004692869,
-0.0048753265,
-0.0131953340,
-0.0133024147,
-0.0078834193,
-0.0088687269,
-0.0164547767,
-0.0138896322,
-0.0073237969,
-0.0049844198,
-0.0105154403,
-0.0076235831,
0.0054801106,
0.0076470966,
-0.0017478312,
-0.0040308055,
0.0032522762,
0.0079443315,
-0.0024659117,
-0.0086111305,
-0.0070197671,
-0.0047839493,
-0.0092217745,
-0.0164985731,
-0.0133572835,
-0.0098023564,
-0.0108017595,
-0.0145067628,
-0.0085728755,
0.0016881264,
0.0031442973,
-0.0043511163,
-0.0074814549,
0.0021349846,
0.0102421064,
0.0036812874,
-0.0049553867,
-0.0031372737,
0.0066506402,
0.0053040688,
0.0011194738,
0.0004402612,
0.0011975677,
-0.0049263351,
-0.0116241639,
-0.0094153183,
-0.0007225952,
-0.0013402430,
-0.0120873619,
-0.0149403736,
-0.0058752326,
0.0022314498,
-0.0025170818,
-0.0079568746,
0.0012952017,
0.0083759269,
0.0071448395,
0.0028115055,
0.0061077536,
0.0113998670,
0.0067704581,
-0.0024332562,
0.0017713178,
0.0127988774,
0.0046965219,
-0.0066194055,
-0.0098247062,
-0.0039755884,
0.0023561080,
-0.0016962423,
-0.0053480053,
-0.0008960279,
0.0030584703,
-0.0011294311,
-0.0044533401,
0.0045382907,
0.0112213027,
0.0113021871,
0.0015025574,
0.0048263436,
0.0146871256,
0.0151281385,
0.0060407128,
0.0014319260,
0.0043415856,
0.0076744747,
0.0031216703,
0.0006876029,
0.0043094270,
0.0121022770,
0.0071890038,
0.0021613694,
0.0102500431,
0.0160914008,
0.0087953284,
0.0004008586,
0.0038458512,
0.0110480981,
0.0071013230,
-0.0005269006,
-0.0014485657,
0.0054125632,
0.0064991713,
0.0020436132,
-0.0011896093,
0.0031013056,
0.0076775230,
0.0038997957,
-0.0008753357,
0.0063581951,
0.0106926952,
0.0067067919,
-0.0009660803,
-0.0010838439,
0.0083817560,
0.0090843756,
-0.0015240040,
-0.0052188016,
0.0024928327,
-0.0004010032,
-0.0077645127,
-0.0089831958,
-0.0024476636,
0.0003898254,
-0.0076589403,
-0.0159387644,
-0.0001626669,
0.0037046326,
-0.0004871582,
-0.0033879336,
0.0053841458,
0.0110254241,
0.0087580029,
0.0011662733,
-0.0017789190,
0.0026806828,
-0.0019352358,
-0.0071151489,
-0.0094622308,
-0.0080867382,
-0.0049422178,
-0.0164846983,
-0.0218747854,
-0.0105173923,
-0.0007576011,
-0.0070435223,
-0.0151915848,
-0.0077317045,
0.0004370187,
-0.0016974309,
-0.0043054214,
0.0014245237,
0.0093021691,
0.0031421026,
-0.0028397138,
-0.0007476524,
-0.0007987235,
-0.0020925717,
-0.0126611730,
-0.0136503279,
-0.0092288014,
-0.0061863819,
-0.0129781673,
-0.0189001001,
-0.0098839765,
-0.0002608070,
0.0026549280,
-0.0030077717,
-0.0042666378,
0.0031041994,
-0.0005684951,
-0.0034233290,
-0.0014442438,
0.0047049173,
0.0012656092,
-0.0085087782,
-0.0086140689,
0.0024022632,
0.0036068445,
-0.0064242627,
-0.0092395833,
-0.0073878048,
-0.0008256181,
-0.0047835498,
-0.0112838121,
-0.0067114048,
0.0026400303,
0.0019768651,
-0.0048318654,
-0.0028874245,
0.0018254259,
0.0025946798,
-0.0028059520,
-0.0008682293,
0.0120719671,
0.0087048849,
-0.0001291132,
-0.0011795196,
0.0037671444,
0.0058095390,
-0.0008032614,
-0.0061646588,
-0.0035233158,
0.0021382829,
0.0011117510,
-0.0005155789,
0.0031832838,
0.0070603928,
0.0075723608,
0.0020098195,
0.0042492803,
0.0105559938,
0.0060753683,
-0.0018561345,
-0.0044657919,
0.0044672079,
0.0097858943,
0.0029146937,
-0.0023023079,
0.0042442679,
0.0129028680,
0.0036629976,
0.0004624001,
0.0067857718,
0.0139917331,
0.0120080113,
0.0087464843,
0.0127255963,
0.0182949994,
0.0127678076,
0.0049572475,
0.0075800088,
0.0121475616,
0.0062489873,
0.0022382061,
-0.0034863162,
-0.0018499930,
0.0036246013,
0.0002248205,
-0.0038335368,
0.0034729261,
0.0070421817,
0.0053270073,
0.0029441167,
0.0091297682,
0.0148222512,
0.0134164635,
0.0040065385,
0.0061749192,
0.0099838935,
0.0074432828,
0.0007616062,
-0.0011368882,
0.0033515436,
0.0031797676,
-0.0062236977,
-0.0099424217,
-0.0056973174,
-0.0010696948,
-0.0073539587,
-0.0114127453,
-0.0034030064,
-0.0023392586,
-0.0062124440,
-0.0067485380,
0.0006525725,
0.0075949188,
0.0080616111,
0.0039473176,
0.0009903981,
0.0068637519,
0.0068945922,
0.0003210889,
-0.0047223233,
-0.0059134802,
-0.0056549073,
-0.0175278373,
-0.0219316520,
-0.0119874123,
-0.0097465254,
-0.0173073951,
-0.0208230466,
-0.0115779517,
-0.0029299457,
-0.0064874906,
-0.0090106148,
-0.0002148202,
0.0042240741,
0.0023781711,
-0.0003304408,
0.0015853418,
0.0038037847,
0.0014091273,
-0.0060804985,
-0.0064276210,
-0.0039455215,
-0.0052313283,
-0.0159892645,
-0.0166677088,
-0.0099504543,
-0.0038284950,
-0.0054784613,
-0.0117961140,
-0.0138597563,
-0.0070238933,
-0.0063129836,
-0.0069334479,
-0.0011960986,
0.0040952852,
0.0006137355,
-0.0007652339,
0.0029221771,
0.0111367963,
0.0114174830,
0.0017958614,
0.0004714044,
0.0047505125,
0.0053860825,
-0.0047096354,
-0.0108413016,
-0.0064259185,
-0.0033020908,
-0.0047896067,
-0.0114100231,
-0.0058611785,
-0.0037082876,
-0.0078250393,
-0.0071286433,
0.0021604691,
0.0095693469,
0.0049670548,
-0.0006887806,
0.0023901388,
0.0098244557,
0.0095965331,
0.0050180363,
0.0003359973,
-0.0027080569,
0.0014698900,
-0.0007796043,
-0.0014436003,
0.0028010732,
0.0051360182,
0.0030530386,
-0.0000911247,
0.0055490709,
0.0116725806,
0.0093062883,
0.0011015814,
0.0024564727,
0.0096482374,
0.0066756718,
-0.0021835261,
0.0012646489,
0.0082859248,
0.0103026703,
0.0065631466,
0.0087023238,
0.0111233145,
0.0092219878,
0.0015727377,
0.0033076666,
0.0114605594,
0.0132539263,
0.0085020950,
0.0033266398,
0.0047052004,
0.0104435552,
0.0118571874,
0.0060368604,
0.0060864864,
0.0079677785,
0.0038830745,
-0.0009681807,
-0.0028901545,
0.0032017403,
0.0062352223,
-0.0024886127,
-0.0027066807,
0.0042422721,
0.0069156149,
0.0025723316,
0.0003158353,
0.0049042413,
0.0121206800,
0.0068216301,
0.0011420492,
0.0042832452,
0.0060262578,
0.0006502211,
-0.0039126053,
-0.0015991882,
0.0034817203,
-0.0003017985,
-0.0094788717,
-0.0072219511,
-0.0012796568,
-0.0049635861,
-0.0095565226,
-0.0093988609,
-0.0040685101,
0.0007060099,
0.0012711361,
-0.0034759496,
-0.0000261404,
0.0068638111,
0.0039269002,
-0.0010193847,
0.0001265324,
0.0020014115,
0.0001200948,
-0.0133776246,
-0.0122291464,
-0.0061325454,
-0.0091205575,
-0.0176524408,
-0.0163085628,
-0.0100284116,
-0.0055985684,
-0.0114861038,
-0.0090957554,
-0.0008029614,
0.0020443141,
-0.0021419851,
-0.0020490170,
0.0029263296,
0.0040958119,
-0.0009736596,
-0.0055161514,
-0.0057731248,
-0.0018901830,
-0.0079145087,
-0.0131276269,
-0.0126671474,
-0.0079436079,
-0.0045563136,
-0.0097692218,
-0.0106500238,
-0.0019478605,
0.0020986258,
-0.0027887651,
-0.0059209540,
0.0010957934,
0.0018929034,
-0.0017276983,
-0.0056254310,
-0.0006784258,
0.0035248497,
-0.0014087486,
-0.0040439102,
-0.0010455486,
0.0026538933,
0.0023357780,
-0.0048861001,
-0.0035047727,
-0.0001097682,
0.0020270487,
-0.0046104314,
-0.0066598640,
0.0002210204,
0.0025033611,
-0.0018534423,
-0.0041479860,
0.0040348158,
0.0056623612,
0.0012599253,
-0.0026342759,
0.0031166286,
0.0074905055,
0.0042314087,
0.0000008968,
-0.0027962709,
0.0005746587,
0.0010493876,
-0.0044255406,
-0.0021480457,
0.0047072847,
0.0077711502,
0.0008597513,
-0.0019574657,
0.0044634235,
0.0124645187,
0.0089233294,
0.0010648940,
0.0045036878,
0.0076995906,
0.0038676993,
-0.0006771405,
0.0030604033,
0.0051968070,
0.0050243894,
-0.0025309343,
0.0038362374,
0.0086803846,
0.0051401677,
-0.0016124860,
0.0041030585,
0.0112189157,
0.0113536650,
0.0072460473,
0.0005728957,
0.0054250057,
0.0124736028,
0.0104447352,
0.0064904559,
0.0044027194,
0.0061588045,
0.0037114040,
0.0008585082,
0.0022944184,
0.0083883246,
0.0046660909,
-0.0040038032,
-0.0036182697,
0.0053849956,
0.0115581863,
0.0069828518,
0.0031363857,
0.0095927315,
0.0162181500,
0.0126057304,
0.0048018214,
0.0089381160,
0.0074711777,
0.0058474177,
0.0023068809,
0.0012851601,
0.0065936991,
-0.0041452227,
-0.0158764403,
-0.0098046381,
-0.0019696690,
-0.0007870345,
-0.0085025048,
-0.0099663790,
-0.0077378666,
-0.0010068899,
-0.0032342796,
-0.0041047330,
0.0036177486,
0.0031785157,
0.0019902408,
-0.0013902854,
0.0005969258,
0.0109831020,
0.0034646865,
-0.0081984801,
-0.0106709450,
-0.0029776581,
-0.0049278382,
-0.0138464896,
-0.0157060903,
-0.0121781463,
-0.0093883360,
-0.0148259401,
-0.0132841840,
-0.0048870146,
-0.0032568837,
-0.0035166075,
-0.0048405360,
0.0044879676,
0.0082449000,
0.0044501936,
-0.0056862249,
-0.0059278943,
0.0016221403,
-0.0020217225,
-0.0074220877,
-0.0145798493,
-0.0120306276,
-0.0076809502,
-0.0119824568,
-0.0107495431,
-0.0054327063,
-0.0017509324,
-0.0106745064,
-0.0125018433,
-0.0020095278,
0.0019321470,
-0.0018579642,
-0.0091636702,
-0.0085454369,
0.0024962996,
0.0056965547,
-0.0001553637,
-0.0011706457,
0.0048923073,
0.0063213017,
-0.0012492145,
-0.0038271849,
0.0016956876,
0.0027356751,
-0.0075192619,
-0.0132896854,
-0.0061463262,
-0.0026729484,
-0.0058663525,
-0.0126522956,
-0.0054765167,
0.0023638594,
0.0015843394,
-0.0006488141,
0.0010745066,
0.0064978702,
0.0056869164,
-0.0002734089,
-0.0005418611,
0.0022726422,
0.0053340476,
-0.0037669889,
-0.0082853166,
-0.0049983286,
0.0013144461,
0.0001910562,
-0.0071441038,
0.0006305726,
0.0072883144,
0.0084441397,
0.0021130873,
0.0040862388,
0.0165123343,
0.0137045421,
0.0026505720,
0.0001086175,
0.0074262354,
0.0088165626,
0.0007564039,
-0.0007875171,
0.0067252410,
0.0114618409,
0.0073171686,
0.0039070728,
0.0074227182,
0.0126378685,
0.0112106968,
0.0042601670,
0.0063364948,
0.0133927558,
0.0122425351,
0.0059260903,
0.0037346096,
0.0095219119,
0.0126233920,
0.0031247148,
0.0001422726,
0.0053352141,
0.0078044017,
0.0019132369,
-0.0041392427,
-0.0032938314,
0.0038699575,
0.0004176004,
-0.0060305023,
0.0022023304,
0.0127436109,
0.0138595551,
0.0072045680,
0.0065273000,
0.0169953927,
0.0176426191,
0.0057906075,
0.0028517912,
0.0083802538,
0.0089053549,
-0.0032862751,
-0.0108984029,
-0.0043234713,
-0.0012099431,
-0.0066019325,
-0.0120988302,
-0.0111762024,
-0.0013961382,
-0.0010776820,
-0.0071654804,
-0.0037254256,
0.0038777040,
0.0061302870,
-0.0002733210,
-0.0036760359,
0.0032082072,
0.0058870250,
-0.0060911393,
-0.0102525298,
-0.0033751524,
0.0009038597,
-0.0076684989,
-0.0157436430,
-0.0118595175,
-0.0070368368,
-0.0079355547,
-0.0145179629,
-0.0089331511,
-0.0047303569,
-0.0077595599,
-0.0091368947,
-0.0054727187,
0.0040125595,
0.0083834073,
-0.0020259954,
-0.0090450337,
-0.0028120759,
-0.0003793608,
-0.0018673966,
-0.0091161588,
-0.0121226553,
-0.0035070479,
-0.0098941373,
-0.0159509480,
-0.0109319864,
-0.0012206113,
-0.0021631042,
-0.0081025884,
-0.0073974389,
-0.0008867779,
0.0050103934,
-0.0077423970,
-0.0114658708,
-0.0026758215,
0.0040648826,
-0.0000839790,
-0.0051685306,
0.0002055407,
0.0058129467,
-0.0004073423,
-0.0103723127,
-0.0069040917,
0.0033873005,
-0.0019639686,
-0.0090705967,
-0.0065771909,
0.0034144958,
0.0017928213,
-0.0054833083,
-0.0061992300,
-0.0016573910,
0.0029608491,
-0.0036357727,
-0.0074302228,
-0.0001686624,
0.0028192441,
0.0005164022,
-0.0031319186,
0.0029263834,
0.0073356079,
0.0030357647,
-0.0074422229,
-0.0081425365,
0.0021181712,
0.0064892480,
0.0002945787,
-0.0006935045,
0.0067915022,
0.0122002400,
0.0060551283,
0.0066150068,
0.0107697491,
0.0113258157,
0.0049010734,
-0.0036218138,
0.0046361377,
0.0077477926,
0.0004219846,
-0.0071005751,
0.0001726006,
0.0060713133,
0.0059721251,
-0.0021599864,
-0.0010733649,
0.0072079208,
0.0124783805,
0.0075865816,
0.0048335148,
0.0122386403,
0.0114140585,
0.0090609882,
0.0057306797,
0.0102845728,
0.0167836845,
0.0087525956,
0.0020196906,
0.0018681852,
0.0098338909,
0.0081818765,
-0.0012729003,
-0.0030205308,
0.0019115582,
0.0077297776,
-0.0046857069,
-0.0049517760,
0.0032700188,
0.0071331877,
0.0036171151,
0.0005257721,
0.0106405318,
0.0147711542,
0.0025497202,
-0.0012925821,
0.0052424935,
0.0074567185,
-0.0001587763,
-0.0045602336,
-0.0046727406,
0.0001504787,
0.0009974111,
-0.0072976351,
-0.0081958463,
-0.0001401757,
0.0028904919,
-0.0034274240,
-0.0065672211,
-0.0008304408,
0.0040385029,
-0.0031697885,
-0.0107625118,
-0.0008166386,
0.0059415186,
-0.0001195244,
-0.0052493187,
-0.0009547250,
0.0047682445,
-0.0012262783,
-0.0070699733,
-0.0073856558,
-0.0050805234,
-0.0074681723,
-0.0151990447,
-0.0093531525,
-0.0045672939,
-0.0031930939,
-0.0102985352,
-0.0096897315,
-0.0001339426,
0.0040721027,
0.0033377516,
-0.0027260790,
-0.0041044396,
-0.0018247759,
-0.0041097077,
-0.0065264576,
-0.0073343031,
-0.0030963225,
-0.0064788964,
-0.0164988600,
-0.0141193010,
-0.0003583377,
0.0012957579,
-0.0056730704,
-0.0107303215,
-0.0032150254,
0.0035485534,
0.0005733647,
-0.0040444285,
0.0011249206,
0.0034891577,
0.0002161576,
-0.0045802970,
-0.0013178871,
0.0011574193,
-0.0010493558,
-0.0078744609,
-0.0017375575,
0.0074607357,
0.0013034105,
-0.0084066978,
-0.0072409203,
0.0014515694,
0.0046786894,
-0.0021887110,
-0.0043511167,
-0.0007183671,
-0.0031981270,
-0.0016585317,
-0.0021855016,
0.0008560289,
0.0052998727,
-0.0006949291,
-0.0039668889,
0.0020777339,
0.0098142317,
0.0066469796,
-0.0020012863,
-0.0045033395,
0.0004078477,
0.0033521671,
-0.0077492734,
-0.0074901544,
0.0005907981,
0.0032266770,
0.0019167351,
0.0025208460,
0.0094771907,
0.0144119645,
0.0080889780,
0.0060449094,
0.0117905792,
0.0124392956,
0.0049251388,
-0.0001481611,
0.0019619502,
0.0030316086,
-0.0000492973,
-0.0022459840,
-0.0015059717,
0.0019658552,
0.0020621482,
-0.0014607568,
-0.0023874226,
0.0022199666,
0.0094328802,
0.0063732569,
0.0037099866,
0.0070145126,
0.0124832038,
0.0096122697,
0.0036130981,
0.0116302893,
0.0182116516,
0.0103769405,
0.0028141909,
0.0050133145,
0.0110746212,
0.0058091972,
-0.0009728855,
-0.0031004981,
0.0025786124,
-0.0004845411,
-0.0036368973,
-0.0032403439,
0.0051997597,
0.0073987199,
0.0038055065,
0.0045453580,
0.0094812801,
0.0086361505,
0.0053710863,
-0.0022696552,
0.0016077147,
0.0060930424,
0.0045767343,
-0.0002463949,
-0.0036245899,
-0.0001235126,
-0.0008582476,
-0.0073978268,
-0.0052623032,
0.0020659212,
0.0008733912,
-0.0063778553,
-0.0070905909,
-0.0013472675,
0.0013550058,
-0.0044378000,
-0.0088185733,
0.0007194653,
0.0013160177,
-0.0025229168,
-0.0044311299,
-0.0020755178,
0.0002728916,
-0.0029409518,
-0.0102237761,
-0.0037971311,
-0.0018660502,
-0.0088196071,
-0.0127338516,
-0.0089139454,
-0.0015899271,
0.0025226714,
-0.0006526049,
-0.0053779739,
-0.0029924756,
0.0010599296,
0.0008966292,
-0.0060651726,
-0.0052584289,
-0.0039796359,
-0.0088052144,
-0.0146535132,
-0.0086129950,
-0.0031480538,
-0.0093412446,
-0.0173115321,
-0.0099905198,
0.0004516153,
0.0030797988,
-0.0005861206,
-0.0014566542,
0.0024205630,
0.0046000918,
0.0001568515,
-0.0024733315,
0.0012067881,
-0.0016960416,
-0.0089707514,
-0.0102642328,
-0.0045969244,
0.0016034908,
-0.0074217049,
-0.0125748143,
-0.0031171739,
0.0025213892,
0.0005160459,
-0.0026153876,
-0.0065913801,
0.0001953675,
0.0028680509,
-0.0008246980,
0.0006361763,
0.0047438075,
0.0030932727,
-0.0017047761,
-0.0015826530,
0.0049921870,
0.0085659316,
0.0024570827,
-0.0073930616,
-0.0023496784,
-0.0005465889,
-0.0040740967,
-0.0099732624,
-0.0059248414,
-0.0000846125,
-0.0035612006,
-0.0058589373,
-0.0005523224,
0.0101204459,
0.0088799587,
0.0050726607,
0.0097043682,
0.0158841629,
0.0137340790,
0.0044050300,
0.0026867650,
0.0044128997,
0.0031048311,
0.0027927356,
-0.0005775177,
-0.0021701977,
-0.0006634549,
-0.0011703514,
-0.0024737210,
0.0013354520,
0.0107212141,
0.0111838328,
0.0008890241,
0.0020993093,
0.0089556267,
0.0124762198,
0.0068048071,
0.0049849716,
0.0105574736,
0.0119704269,
0.0070317346,
0.0045869765,
0.0136256870,
0.0116668772,
0.0060661081,
0.0002715941,
0.0044778422,
0.0102497656,
0.0038248349,
-0.0031029643,
0.0007950929,
0.0083326958,
0.0064338632,
0.0016442140,
0.0030347733,
0.0051824753,
0.0074853590,
0.0027912853,
0.0006360563,
0.0039574169,
0.0040378603,
-0.0024054435,
-0.0061154328,
-0.0000487746,
0.0047307881,
0.0015560293,
-0.0064665368,
-0.0025296982,
0.0044109337,
0.0014981768,
-0.0054173660,
0.0002313296,
0.0045026354,
0.0023854533,
-0.0052678916,
-0.0046251044,
0.0010539677,
-0.0000019584,
-0.0054008332,
-0.0070135081,
-0.0049131084,
-0.0027297894,
-0.0083046695,
-0.0109392311,
-0.0064478205,
-0.0005295677,
-0.0080230674,
-0.0126797780,
-0.0080125565,
-0.0019264012,
-0.0003645554,
-0.0053690942,
-0.0077483598,
0.0006664718,
0.0019844379,
-0.0042162575,
-0.0032222969,
-0.0041992650,
-0.0030668105,
-0.0118934782,
-0.0168575421,
-0.0117496755,
-0.0086708562,
-0.0156519264,
-0.0184960943,
-0.0100108888,
-0.0029007094,
-0.0014210499,
-0.0060472162,
-0.0031529991,
0.0045205751,
0.0045720250,
0.0015115761,
-0.0043825405,
0.0032383651,
-0.0009033384,
-0.0064337668,
-0.0071732001,
0.0006526521,
0.0025739898,
-0.0062177116,
-0.0100511489,
-0.0025901548,
0.0042060013,
0.0005702861,
-0.0042391741,
-0.0047273301,
0.0007582071,
0.0005699765,
-0.0042249444,
-0.0003806556,
0.0043779435,
0.0035032197,
-0.0030899025,
-0.0014157037,
0.0051213154,
0.0117564108,
0.0056590769,
-0.0029290747,
0.0021965590,
0.0073946943,
0.0019607316,
-0.0053456808,
-0.0074018422,
-0.0050072288,
-0.0053447802,
-0.0106359199,
-0.0041738856,
0.0041122632,
0.0001580763,
-0.0040220451,
0.0035543507,
0.0139385602,
0.0133149978,
0.0084097516,
0.0005538635,
0.0065402435,
0.0107658571,
0.0072968849,
0.0014411309,
-0.0006845559,
0.0017750355,
0.0026715465,
0.0020776931,
0.0070960335,
0.0127755208,
0.0102641862,
0.0007778479,
0.0040377588,
0.0146382358,
0.0207641553,
0.0090033729,
0.0025607741,
0.0057722926,
0.0128063876,
0.0085502695,
0.0053658783,
0.0082016913,
0.0094924010,
0.0081545329,
0.0009270436,
0.0057681352,
0.0100649996,
0.0030986476,
-0.0065672519,
-0.0031023459,
0.0045910734,
0.0055302521,
-0.0026375889,
-0.0050719273,
0.0038117524,
0.0112251863,
0.0091023147,
0.0072723944,
0.0092682382,
0.0084075453,
0.0047522453,
-0.0021605534,
0.0009348963,
0.0090697743,
-0.0003629726,
-0.0104966946,
-0.0099742692,
-0.0015163294,
0.0028111262,
-0.0017290004,
-0.0060717207,
-0.0002104179,
0.0044539389,
-0.0037055125,
-0.0066235801,
-0.0015367701,
0.0010527743,
-0.0048330622,
-0.0093207387,
-0.0052080760,
0.0020861223,
-0.0064977324,
-0.0144719975,
-0.0069993683,
-0.0009046330,
-0.0005526405,
-0.0034029784,
-0.0069234706,
-0.0054549421,
0.0002342682,
-0.0043080160,
-0.0050997324,
-0.0027754689,
0.0008423643,
-0.0058032917,
-0.0108503839,
-0.0041709230,
0.0007409697,
-0.0058001238,
-0.0166911650,
-0.0134522915,
-0.0025000635,
-0.0058997218,
-0.0114761516,
-0.0130703403,
-0.0049703848,
0.0000266778,
-0.0050545060,
-0.0053120633,
-0.0017792920,
0.0024696374,
-0.0017851585,
-0.0061704433,
-0.0019458832,
0.0042427643,
-0.0015256462,
-0.0136469677,
-0.0070026936,
-0.0015413214,
-0.0042881672,
-0.0108221220,
-0.0118256435,
-0.0009814857,
0.0001676944,
-0.0026161198,
-0.0042213597,
0.0018110806,
0.0043694968,
-0.0016552068,
-0.0040366389,
0.0004234212,
0.0059408392,
0.0007303734,
-0.0059481347,
-0.0021314579,
0.0064977254,
0.0074728345,
-0.0038628276,
-0.0032270104,
0.0060856766,
0.0047439672,
-0.0044296277,
-0.0076986668,
0.0014309431,
0.0032572518,
-0.0072477716,
-0.0086835884,
-0.0006651750,
0.0055099889,
-0.0013323678,
-0.0045418069,
0.0045593162,
0.0090732230,
0.0089016752,
0.0045034233,
0.0070872745,
0.0090872645,
0.0078938613,
-0.0001196837,
-0.0000190843,
0.0018898752,
0.0048828865,
0.0000005671,
-0.0067313756,
0.0032244276,
0.0125050060,
0.0074938098,
0.0021861778,
0.0082072578,
0.0153320991,
0.0141727682,
0.0039861952,
0.0071192291,
0.0134061687,
0.0115532111,
0.0032503859,
0.0075542722,
0.0132028088,
0.0129595865,
0.0037618852,
0.0001653245,
0.0107473740,
0.0140687898,
0.0045856372,
-0.0038753184,
-0.0032556360,
0.0044807843,
0.0000948992,
-0.0043727462,
-0.0043413318,
0.0054198597,
0.0048265033,
-0.0032087718,
0.0028009131,
0.0099605434,
0.0105057452,
0.0012350527,
-0.0029454762,
0.0049065216,
0.0074622058,
0.0010857157,
-0.0067598214,
0.0004084179,
0.0089842370,
0.0035734051,
-0.0014600900,
0.0020004625,
0.0073672133,
0.0035651026,
-0.0058555249,
-0.0016246086,
0.0061297300,
-0.0009878937,
-0.0104489839,
-0.0104230717,
0.0002185835,
-0.0012809213,
-0.0073983143,
-0.0115550114,
-0.0041557173,
0.0017109163,
-0.0049123592,
-0.0066224188,
-0.0049782922,
0.0004560970,
-0.0010578218,
-0.0077873473,
-0.0063604400,
-0.0015920417,
-0.0013119279,
-0.0087331459,
-0.0065535931,
0.0004527205,
0.0002549853,
-0.0092021367,
-0.0132826082,
-0.0080738664,
-0.0046092779,
-0.0142011186,
-0.0170622803,
-0.0074852840,
-0.0038104733,
-0.0062244809,
-0.0117659429,
-0.0073608086,
0.0018001976,
0.0019171631,
-0.0032407977,
0.0000793975,
0.0069090794,
0.0034217827,
-0.0053368350,
-0.0046680802,
-0.0005720148,
0.0016079063,
-0.0066825617,
-0.0178713631,
-0.0099440748,
-0.0029927909,
-0.0076479227,
-0.0106213260,
-0.0069539407,
-0.0003704192,
-0.0032111993,
-0.0088362070,
-0.0061872490,
0.0021079029,
0.0026206451,
-0.0042240554,
-0.0017355249,
0.0019974594,
0.0059905695,
-0.0006333576,
-0.0046006497,
0.0043021343,
0.0089961477,
-0.0002655694,
-0.0049637733,
-0.0003113001,
0.0041573970,
-0.0037025199,
-0.0104397032,
0.0008134802,
0.0022734001,
-0.0032958477,
-0.0082572671,
-0.0035811630,
0.0034224845,
0.0069253771,
0.0050772475,
0.0049044355,
0.0108471029,
0.0129529042,
0.0079961764,
0.0061072446,
0.0083660362,
0.0106670056,
0.0016095351,
-0.0076830406,
-0.0035727411,
0.0079512578,
0.0046318928,
-0.0011598320,
0.0010242901,
0.0111268722,
0.0126247527,
0.0048481422,
0.0072131334,
0.0085154092,
0.0063282852,
0.0027332138,
0.0030217483,
0.0138971685,
0.0129719358,
0.0066815182,
0.0068264622,
0.0161362235,
0.0190483890,
0.0119735254,
0.0015523478,
0.0000873505,
0.0047804266,
0.0042987457,
-0.0023253059,
-0.0040202383,
0.0021098563,
-0.0010423197,
-0.0047054822,
0.0010606769,
0.0108610699,
0.0105627254,
0.0010216904,
-0.0025026919,
0.0054338290,
0.0100190332,
0.0076972097,
-0.0008739636,
0.0044524753,
0.0049625514,
0.0004701918,
0.0008872118,
0.0011481947,
0.0051021976,
-0.0000449772,
-0.0070946245,
-0.0010156826,
0.0058002449,
0.0012253416,
-0.0100380145,
-0.0065753674,
-0.0036619301,
-0.0038613197,
-0.0061531123,
-0.0126500046,
-0.0090825632,
-0.0097454702,
-0.0094452668,
-0.0053972220,
-0.0007811572,
0.0026893052,
-0.0016929512,
-0.0106644360,
-0.0063790875,
0.0048889630,
0.0045970231,
-0.0068051275,
-0.0065226988,
-0.0028513465,
-0.0004275150,
-0.0065041129,
-0.0089295227,
-0.0039179414,
-0.0100512719,
-0.0170003138,
-0.0121996664,
-0.0101245455,
-0.0105029456,
-0.0156814456,
-0.0179761443,
-0.0067891735,
0.0043705441,
-0.0006356214,
-0.0047811340,
-0.0033175414,
0.0013415073,
0.0014857580,
-0.0008589028,
-0.0033416436,
-0.0001018120,
-0.0056292140,
-0.0107104052,
-0.0087024001,
-0.0002992172,
-0.0011685772,
-0.0091451723,
-0.0082665281,
-0.0018059298,
0.0038387501,
-0.0014026519,
-0.0043334370,
-0.0018694537,
0.0029556395,
0.0045965882,
-0.0008046344,
-0.0003614273,
0.0060628653,
0.0037070974,
-0.0008080226,
-0.0017277871,
0.0059089223,
0.0042663035,
-0.0010543931,
-0.0003310552,
0.0081658848,
0.0075577055,
-0.0012363724,
-0.0016558652,
0.0025842842,
0.0005203031,
-0.0050563314,
-0.0088505056,
-0.0036845137,
-0.0001425181,
0.0024982453,
0.0017357778,
0.0017172724,
0.0082539078,
0.0108608510,
0.0109257735,
0.0104573695,
0.0120999515,
0.0106902756,
0.0020278457,
-0.0046509635,
0.0047061620,
0.0084747095,
0.0015815836,
-0.0055616237,
0.0056654941,
0.0122543741,
0.0066086873,
0.0027866617,
0.0069505703,
0.0113689164,
0.0072331084,
0.0056898324,
0.0106775369,
0.0120936465,
0.0049922825,
0.0031707212,
0.0098789036,
0.0139437746,
0.0152029637,
0.0099949082,
0.0031243144,
0.0065174815,
0.0113363769,
0.0090692574,
0.0024116479,
0.0018122981,
0.0022852696,
-0.0035623224,
-0.0083954362,
-0.0042028921,
0.0033101426,
-0.0007997465,
-0.0070650587,
0.0007877147,
0.0076435702,
0.0103835296,
0.0028275163,
0.0030905949,
0.0098858885,
0.0100993654,
0.0041836854,
0.0019855327,
0.0068594432,
0.0048215156,
-0.0001187388,
-0.0015449484,
0.0038022110,
0.0065130461,
-0.0054950267,
-0.0110395700,
-0.0056866934,
-0.0045604501,
-0.0024167136,
-0.0090818582,
-0.0137251513,
-0.0117752757,
-0.0094110761,
-0.0095116477,
-0.0072236415,
-0.0022781584,
-0.0019036491,
-0.0101024322,
-0.0104068760,
-0.0021249913,
0.0020174012,
-0.0049465192,
-0.0102322586,
-0.0066141291,
0.0014438201,
-0.0023997668,
-0.0051039699,
-0.0028068640,
-0.0031727287,
-0.0053335549,
-0.0115027847,
-0.0093930848,
-0.0059379674,
-0.0089571765,
-0.0143040670,
-0.0133283883,
-0.0045711538,
-0.0031098085,
-0.0081248684,
-0.0104529895,
-0.0023480922,
0.0056094741,
0.0021734738,
-0.0001552308,
-0.0014471384,
0.0011713271,
0.0002906730,
-0.0039661075,
0.0002228953,
0.0024204343,
-0.0054241726,
-0.0108543793,
-0.0107480604,
-0.0024838015,
-0.0005542767,
-0.0055468325,
-0.0067122234,
-0.0021118266,
0.0025708878,
-0.0011256126,
-0.0033944554,
0.0008995177,
0.0046437504,
-0.0000863322,
-0.0054606441,
0.0008719590,
0.0056598894,
0.0012701873,
-0.0033742217,
0.0012245477,
0.0107791238,
0.0067644445,
-0.0018423384,
-0.0011254949,
0.0000211490,
-0.0016876612,
-0.0029663113,
-0.0033612011,
-0.0023781033,
0.0017357686,
-0.0012881163,
-0.0039003987,
0.0030256298,
0.0059720511,
0.0092358105,
0.0015110894,
0.0042881407,
0.0124119865,
0.0093124676,
-0.0004370759,
-0.0001984407,
0.0042565512,
0.0035425886,
-0.0035316199,
-0.0024380276,
0.0051719043,
0.0070667909,
-0.0005490078,
0.0002565054,
0.0119010163,
0.0138403568,
0.0098869931,
0.0057398784,
0.0089218663,
0.0142105669,
0.0077472758,
0.0028241738,
0.0039954344,
0.0097971139,
0.0117600383,
0.0069541205,
0.0058329264,
0.0102245696,
0.0140233003,
0.0055821957,
0.0027906243,
0.0070780618,
0.0085910717,
0.0026358550,
-0.0035744756,
0.0022345546,
0.0076313158,
0.0018376745,
-0.0034142872,
0.0003603595,
0.0072737122,
0.0053506615,
0.0005683912,
0.0028065047,
0.0073222490,
0.0067839357,
-0.0014220066,
-0.0015315355,
0.0030503783,
0.0039695268,
-0.0038581623,
-0.0037801182,
0.0043842997,
0.0063287099,
0.0009249583,
-0.0039020448,
0.0016818241,
0.0071070716,
0.0024886185,
-0.0043548136,
-0.0100052916,
-0.0034927451,
-0.0059525473,
-0.0130578214,
-0.0129196038,
-0.0084606474,
-0.0055957888,
-0.0106766587,
-0.0090202680,
-0.0008201084,
0.0013349962,
-0.0050240876,
-0.0109622208,
-0.0027843600,
0.0007453753,
-0.0036542329,
-0.0091411080,
-0.0044356873,
-0.0011495765,
-0.0015723630,
-0.0064467876,
-0.0056705712,
0.0023688162,
-0.0016549681,
-0.0075349063,
-0.0125034545,
-0.0085747829,
-0.0071196212,
-0.0130341621,
-0.0134975938,
-0.0099463202,
0.0001716089,
-0.0035387389,
-0.0102747362,
-0.0053813625,
0.0008846784,
0.0023513241,
-0.0072356435,
-0.0013121024,
0.0044631101,
0.0006902675,
-0.0074106203,
-0.0108353905,
-0.0035968132,
0.0004724668,
-0.0035398733,
-0.0087841675,
-0.0051394100,
0.0005643488,
-0.0028662758,
-0.0059353719,
-0.0036748042,
0.0020129138,
-0.0000944826,
-0.0135128200,
-0.0067852926,
0.0010722225,
0.0018286156,
-0.0079321414,
-0.0063133761,
0.0040419614,
0.0030416939,
-0.0010941566,
-0.0047182906,
0.0052404655,
0.0046004769,
0.0000930637,
-0.0010093664,
-0.0034949242,
0.0030646888,
0.0008587934,
-0.0050217980,
-0.0017191631,
0.0046939058,
0.0054228907,
-0.0042806547,
-0.0017573261,
0.0068424661,
0.0147754233,
0.0075559188,
0.0022919253,
0.0103308037,
0.0129030505,
0.0042839469,
0.0023157902,
0.0069712778,
0.0118798818,
0.0089533562,
0.0003830632,
0.0042063594,
0.0112899076,
0.0078859571,
-0.0001671314,
0.0037977118,
0.0093247695,
0.0079121348,
0.0043207053,
-0.0014788030,
0.0068681277,
0.0122923544,
0.0056698630,
0.0054363864,
0.0089423601,
0.0163699929,
0.0142682800,
0.0066593033,
0.0087850625,
0.0144417342,
0.0079611652,
0.0000767225,
-0.0023505143,
0.0017470357,
-0.0002941308,
-0.0044773407,
-0.0074373237,
0.0018133263,
0.0101562869,
0.0016453770,
0.0010638994,
0.0063976734,
0.0126818186,
0.0067550521,
-0.0030790074,
0.0033271872,
0.0098163905,
0.0044700261,
-0.0078988280,
-0.0014423057,
0.0060521420,
0.0005612317,
-0.0041691186,
-0.0070176804,
-0.0015320994,
0.0008582901,
-0.0030201380,
-0.0035427054,
-0.0004229317,
0.0017571256,
-0.0047064428,
-0.0099084014,
-0.0040141060,
0.0016571672,
-0.0026854791,
-0.0170171224,
-0.0100057609,
0.0042077904,
0.0024893696,
-0.0026770090,
-0.0056441892,
-0.0006969495,
-0.0043209502,
-0.0102055166,
-0.0090333745,
-0.0073509291,
-0.0062985583,
-0.0124406908,
-0.0118158590,
-0.0060664215,
0.0018885935,
0.0018446961,
-0.0098361177,
-0.0051037385,
0.0037091500,
-0.0000143119,
-0.0075310543,
-0.0138410470,
-0.0086804740,
-0.0050666751,
-0.0103499414,
-0.0128612155,
-0.0046328725,
-0.0064287605,
-0.0127982991,
-0.0104594361,
-0.0046414779,
0.0034370970,
-0.0022892193,
-0.0104617290,
-0.0077550714,
0.0010427622,
0.0040487987,
-0.0043933783,
-0.0053688437,
0.0028324171,
0.0040204767,
-0.0042792074,
-0.0066587795,
0.0019214868,
0.0057929712,
-0.0083118780,
-0.0096350359,
-0.0009068949,
0.0038605537,
-0.0049055000,
-0.0115279611,
-0.0020487865,
-0.0005043717,
0.0004500141,
-0.0026465997,
0.0005980352,
0.0062700883,
0.0045971950,
-0.0007971596,
-0.0010273858,
0.0038950546,
0.0083058393,
-0.0010239552,
-0.0062816571,
-0.0006346299,
0.0072982903,
0.0037255492,
0.0000770562,
0.0053158891,
0.0146556552,
0.0095009934,
0.0040351348,
0.0111674340,
0.0157411695,
0.0048220041,
-0.0041840617,
-0.0043006437,
0.0069505451,
0.0039520250,
-0.0009782361,
-0.0039863288,
0.0029983222,
0.0099358698,
0.0052782465,
0.0063848598,
0.0079579288,
0.0120742172,
0.0098453201,
0.0021525591,
0.0050488575,
0.0136532485,
0.0105891861,
-0.0007187226,
0.0038306878,
0.0134844035,
0.0141585898,
0.0062218332,
0.0009109047,
0.0104578286,
0.0089836596,
0.0027057342,
-0.0004960658,
0.0013440039,
0.0006671849,
-0.0059983032,
-0.0093225222,
-0.0011818092,
0.0080929752,
0.0070372266,
-0.0008021374,
0.0030681188,
0.0128176417,
0.0117689352,
0.0048397640,
0.0074211424,
0.0169375762,
0.0084724640,
-0.0034114134,
-0.0071520731,
-0.0005096126,
-0.0008763903,
-0.0063981693,
-0.0117407795,
-0.0080690822,
-0.0011238540,
-0.0050811190,
-0.0081475955,
-0.0038248149,
0.0018846795,
0.0033314866,
-0.0065187314,
-0.0018875981,
0.0044000130,
0.0009914214,
-0.0088680498,
-0.0052418690,
0.0035874036,
0.0041039782,
-0.0079100570,
-0.0093603171,
-0.0014074300,
0.0009287377,
-0.0052694906,
-0.0095268600,
-0.0064692255,
-0.0103728333,
-0.0121878842,
-0.0134575404,
-0.0078512365,
-0.0008026882,
-0.0024414267,
-0.0080364048,
-0.0065255906,
0.0033322158,
0.0056168642,
-0.0018533356,
-0.0075255111,
-0.0024576532,
0.0037461128,
-0.0058045248,
-0.0095610982,
-0.0051642945,
-0.0059842826,
-0.0102658840,
-0.0129258642,
-0.0061909179,
-0.0000731449,
-0.0065842848,
-0.0118661346,
-0.0087273195,
-0.0007572778,
0.0000099710,
-0.0062757842,
-0.0064622536,
-0.0029079714,
0.0006493346,
-0.0021964440,
-0.0046194806,
0.0068093487,
0.0102294879,
0.0013397589,
-0.0010048277,
0.0091917170,
0.0104745189,
-0.0005922291,
-0.0067324233,
-0.0054323627,
-0.0017763837,
-0.0046934215,
-0.0086223790,
-0.0030026087,
0.0001631740,
0.0020787551,
-0.0001932464,
-0.0014018965,
0.0042304834,
0.0053150719,
-0.0027236631,
-0.0073202536,
-0.0005333863,
0.0052555087,
0.0022500067,
-0.0046336018,
0.0020809807,
0.0088828700,
0.0076953787,
0.0043621548,
0.0116081256,
0.0105392179,
0.0045081116,
-0.0038323612,
0.0022986687,
0.0045739422,
-0.0008421602,
-0.0116566420,
-0.0093017071,
-0.0016366560,
0.0006158222,
-0.0025975725,
-0.0027199511,
0.0007969275,
0.0070185270,
0.0050242404,
0.0057302108,
0.0124221221,
0.0164910927,
0.0103566982,
0.0057529402,
0.0089057731,
0.0157054011,
0.0097436039,
0.0051228320,
0.0038993231,
0.0112516629,
0.0091364896,
0.0026882461,
-0.0024791490,
0.0015800206,
0.0013191223,
-0.0052818311,
-0.0026643996,
-0.0012473547,
0.0004021882,
-0.0009500887,
-0.0043860809,
0.0077599380,
0.0161373671,
0.0101004355,
0.0047048442,
0.0103907883,
0.0116507262,
0.0098869996,
0.0035117937,
0.0026994552,
0.0062626395,
0.0017377611,
-0.0061007719,
-0.0077512907,
-0.0052928156,
-0.0037164113,
-0.0073307189,
-0.0094861630,
-0.0041246144,
0.0026003607,
-0.0025623443,
-0.0076214569,
0.0014363239,
0.0054115094,
0.0033212618,
-0.0025769023,
-0.0011769130,
0.0062847738,
-0.0025521067,
-0.0087963212,
-0.0013549322,
-0.0003925236,
-0.0024235179,
-0.0069772229,
-0.0078423219,
-0.0022203489,
-0.0035699967,
-0.0118460217,
-0.0121444371,
-0.0081627658,
-0.0072516901,
-0.0066843964,
-0.0091565819,
-0.0066183517,
0.0030902310,
0.0008157283,
-0.0025190029,
0.0000760368,
0.0051826816,
-0.0011351773,
-0.0086943749,
-0.0060364287,
-0.0008689226,
-0.0020414856,
-0.0088398438,
-0.0089416057,
-0.0038428809,
-0.0029175789,
-0.0053481529,
-0.0081290137,
-0.0065595917,
-0.0027504677,
-0.0026547897,
-0.0056640422,
-0.0035912425,
0.0026032689,
-0.0012933344,
-0.0064975605,
-0.0015262725,
0.0087343026,
0.0052452153,
-0.0019991919,
0.0020803793,
0.0081736268,
0.0038381598,
-0.0010689242,
-0.0037503201,
0.0002237967,
-0.0011152602,
-0.0057084709,
-0.0078880861,
-0.0088556241,
-0.0034456616,
-0.0058585075,
-0.0043414095,
0.0033106403,
0.0059822104,
0.0037344503,
-0.0041522994,
-0.0028719036,
0.0058114715,
0.0079039661,
-0.0026535287,
-0.0061257328,
0.0033549308,
0.0044208323,
0.0033923308,
0.0022950850,
0.0085021080,
0.0126554724,
0.0041923905,
0.0033413148,
0.0103081968,
0.0087871570,
-0.0007719659,
-0.0043857363,
0.0003670287,
-0.0006390521,
-0.0015623185,
-0.0045998208,
-0.0046724840,
0.0002709576,
0.0031565607,
0.0040340247,
0.0022530593,
0.0075178971,
0.0119739911,
0.0043565971,
0.0032441190,
0.0119502302,
0.0161265470,
0.0087461984,
0.0051361993,
0.0118852695,
0.0161062200,
0.0145662073,
0.0060369391,
0.0120711280,
0.0110385949,
0.0078288754,
0.0032732175,
0.0024099452,
0.0041550472,
0.0011966632,
-0.0070972512,
-0.0101262322,
0.0007728650,
0.0030200824,
-0.0021902830,
0.0003237337,
0.0072103781,
0.0146593135,
0.0116597693,
0.0066139027,
0.0071182381,
0.0067937649,
0.0033502446,
0.0021303233,
0.0008955792,
0.0002063897,
-0.0048204190,
-0.0102670938,
-0.0090818303,
0.0011343985,
0.0029262456,
-0.0071432251,
-0.0104551679,
-0.0037516535,
0.0050443294,
-0.0003839410,
-0.0070535550,
0.0011688984,
0.0003073638,
-0.0047203093,
-0.0067692157,
-0.0008853714,
0.0008416779,
-0.0033936256,
-0.0072033196,
-0.0027533486,
0.0026200954,
-0.0017290048,
-0.0112531809,
-0.0116698863,
-0.0101807918,
-0.0067790602,
-0.0094567426,
-0.0185387414,
-0.0136775607,
-0.0055970806,
-0.0062955688,
-0.0054465216,
-0.0025216851,
0.0041102907,
-0.0030797310,
-0.0059215394,
-0.0015950827,
0.0050051687,
-0.0026777948,
-0.0114955334,
-0.0097993063,
-0.0030149925,
-0.0013805542,
-0.0075831427,
-0.0112300878,
-0.0059360918,
-0.0036835806,
-0.0056292214,
-0.0103953285,
-0.0038859388,
-0.0008396009,
-0.0021288469,
-0.0054941885,
-0.0011628589,
0.0056763343,
0.0037421647,
-0.0071175154,
0.0030505480,
0.0098746410,
0.0073247785,
0.0039609470,
-0.0010002117,
0.0036681355,
0.0033780641,
-0.0014179532,
-0.0031687585,
-0.0008325838,
-0.0030672173,
-0.0090911388,
-0.0092698159,
-0.0089912582,
0.0022066033,
0.0019477437,
-0.0065012411,
-0.0008206011,
0.0038859481,
0.0049906732,
-0.0040625795,
-0.0008780117,
0.0091250213,
0.0087175136,
0.0008002103,
-0.0031981771,
0.0087485034,
0.0083398242,
0.0019763531,
0.0049971789,
0.0076793348,
0.0109468736,
0.0028927452,
-0.0025548225,
-0.0029766900,
0.0017282001,
0.0040421798,
-0.0031489888,
-0.0011182823,
0.0019519358,
0.0048750807,
-0.0011003796,
0.0003943839,
0.0144961700,
0.0205021519,
0.0117968684,
0.0074491045,
0.0121540381,
0.0155476155,
0.0088283382,
0.0063778339,
0.0056042457,
0.0125763491,
0.0059019737,
0.0007418416,
0.0037555594,
0.0089104455,
0.0095631070,
0.0037749154,
0.0009301343,
0.0062840655,
0.0073882602,
-0.0016043098,
-0.0026724865,
0.0074705067,
0.0081401058,
0.0010421276,
-0.0042422251,
0.0072721150,
0.0090805907,
0.0110360757,
0.0025891128,
0.0033207608,
0.0109540485,
0.0058609196,
-0.0003797175,
-0.0059412671,
-0.0042509837,
-0.0003489129,
-0.0087289475,
-0.0128654893,
-0.0061462428,
0.0015871685,
-0.0076219025,
-0.0082333926,
0.0012272580,
0.0078276126,
0.0060948213,
-0.0024067422,
0.0029632889,
0.0047680251,
0.0002114051,
-0.0095783221,
-0.0073458571,
0.0005055760,
-0.0022812290,
-0.0062535712,
-0.0084329341,
-0.0036744638,
0.0005225026,
-0.0053628236,
-0.0064301542,
-0.0052100117,
-0.0019101433,
-0.0088915154,
-0.0148384506,
-0.0111196563,
-0.0016155022,
-0.0032512164,
-0.0147442883,
-0.0082951430,
0.0035395578,
0.0042427308,
-0.0015713864,
-0.0066445745,
-0.0006299127,
0.0006791112,
-0.0048640799,
-0.0106440131,
-0.0056884713,
-0.0063640056,
-0.0087756142,
-0.0140508823,
-0.0113743814,
-0.0041528004,
-0.0049612881,
-0.0155293150,
-0.0085543208,
0.0034682299,
0.0019315555,
-0.0074486476,
-0.0063881879,
0.0012818133,
0.0011568973,
-0.0044433651,
-0.0040276479,
0.0045428346,
0.0038246301,
0.0005724215,
0.0014347961,
0.0038701813,
0.0070225857,
0.0036177286,
-0.0059788590,
-0.0074063777,
-0.0015297252,
-0.0036437807,
-0.0109849330,
-0.0142675349,
-0.0070146173,
0.0037039439,
-0.0027545546,
-0.0074044131,
0.0029270807,
0.0103240311,
0.0017414800,
-0.0036726971,
0.0048258286,
0.0079528065,
0.0027624494,
-0.0048852209,
-0.0019935505,
0.0057566110,
0.0038536922,
0.0002165022,
0.0021566872,
0.0083337119,
0.0088977292,
0.0039308341,
0.0015573018,
0.0060476661,
0.0112285297,
0.0019216938,
-0.0022857580,
-0.0001695102,
0.0080971224,
0.0030838959,
-0.0051811757,
0.0025963620,
0.0098304357,
0.0097405538,
0.0026801319,
0.0031684455,
0.0126494225,
0.0124683194,
0.0066412119,
0.0016271197,
0.0111807277,
0.0154911438,
0.0051427684,
0.0039572679,
0.0075449357,
0.0174511261,
0.0111961942,
0.0012446701,
0.0064200768,
0.0079939971,
0.0018253238,
-0.0102383345,
-0.0038953254,
0.0017271679,
-0.0034131599,
-0.0083653145,
-0.0120231844,
0.0011021296,
0.0074971491,
0.0069416417,
0.0092210975,
0.0131309684,
0.0160016455,
0.0077453777,
0.0019028486,
0.0068919412,
0.0082148528,
-0.0001454201,
-0.0115594044,
-0.0100464113,
-0.0035683857,
-0.0033976301,
-0.0130441124,
-0.0119844954,
0.0008074704,
0.0025889874,
-0.0015447978,
0.0002554026,
0.0062895096,
0.0086388597,
0.0023573199,
0.0010182762,
0.0059364447,
0.0074714608,
-0.0014045426,
-0.0095086265,
-0.0041660429,
0.0023338203,
0.0001977743,
-0.0074462271,
-0.0165800024,
-0.0074018049,
-0.0068901596,
-0.0149882995,
-0.0165689550,
-0.0111384969,
-0.0090848757,
-0.0168360304,
-0.0128647573,
-0.0052797073,
0.0029425607,
-0.0014936940,
-0.0073756846,
0.0026403086,
0.0067189732,
0.0079654464,
-0.0013235823,
-0.0026055449,
0.0010567817,
-0.0018090082,
-0.0128356684,
-0.0167761110,
-0.0062203309,
-0.0078913141,
-0.0162130278,
-0.0147438562,
-0.0053195544,
0.0002354889,
-0.0086452244,
-0.0104953265,
-0.0024561968,
-0.0024586499,
-0.0038783636,
-0.0055382070,
-0.0035552552,
0.0032391117,
0.0041137454,
-0.0021507547,
-0.0018237387,
0.0065247179,
0.0055659823,
-0.0001417508,
-0.0056839287,
-0.0000970491,
0.0058070542,
-0.0049869381,
-0.0101032844,
-0.0048935623,
-0.0019313698,
-0.0067339381,
-0.0124226455,
-0.0026371891,
0.0050482736,
-0.0000168880,
-0.0058536190,
-0.0021948759,
0.0074595842,
0.0037474677,
-0.0041335067,
-0.0005260435,
0.0053847842,
0.0058222753,
0.0007873373,
0.0015588874,
0.0061861118,
0.0097799664,
0.0101613998,
0.0065301922,
0.0103626596,
0.0144329621,
0.0077674580,
-0.0013849570,
-0.0002531980,
0.0052612904,
0.0039719557,
-0.0052333344,
-0.0042980919,
0.0040965043,
0.0040873229,
0.0003235658,
0.0026389139,
0.0125634614,
0.0164838675,
0.0109153520,
0.0092076641,
0.0149705820,
0.0179198030,
0.0094590718,
0.0052279327,
0.0089164879,
0.0144404070,
0.0066148099,
0.0010576707,
0.0051513501,
0.0110859964,
0.0044296659,
-0.0030599684,
-0.0000355478,
0.0035489565,
0.0009982260,
-0.0015404822,
-0.0072985934,
-0.0000346734,
0.0039869845,
0.0044839974,
0.0019634361,
0.0064939209,
0.0139828417,
0.0112490812,
0.0060782013,
0.0112565365,
0.0147415604,
0.0087027624,
-0.0057638222,
-0.0015521450,
0.0035055738,
-0.0008394489,
-0.0102485707,
-0.0094936881,
-0.0025799859,
-0.0064988434,
-0.0065659676,
-0.0042798016,
0.0023761282,
0.0022584388,
-0.0044529415,
-0.0014789753,
0.0013353075,
0.0044733738,
-0.0007461023,
-0.0077868714,
-0.0046611838,
0.0015904072,
0.0043718913,
-0.0043979292,
-0.0097921686,
-0.0041022450,
-0.0060402593,
-0.0130712055,
-0.0101298131,
-0.0039745141,
-0.0096162930,
-0.0188745242,
-0.0198021736,
-0.0117653059,
-0.0042265975,
-0.0093043242,
-0.0093907779,
-0.0063060899,
-0.0030535916,
-0.0030161543,
-0.0052313479,
-0.0017720017,
0.0048637046,
0.0015577239,
-0.0066405064,
-0.0037289991,
-0.0012759671,
-0.0086138677,
-0.0148100052,
-0.0119356737,
-0.0006459490,
-0.0011781654,
-0.0070047732,
-0.0095782317,
-0.0055847140,
-0.0028103269,
-0.0036991329,
-0.0060607931,
-0.0059725372,
-0.0002818349,
-0.0046828957,
-0.0049823197,
0.0022569783,
0.0073584826,
0.0052538868,
-0.0022825515,
0.0001931938,
0.0065229302,
0.0079375915,
0.0021260958,
-0.0042058965,
-0.0010081126,
0.0008207385,
-0.0039751702,
-0.0050363485,
-0.0003690351,
-0.0009633172,
-0.0039503411,
-0.0073883375,
0.0019925805,
0.0063572023,
-0.0013904325,
-0.0063927537,
-0.0008023456,
0.0041167038,
0.0047773561,
-0.0016932486,
-0.0014946120,
0.0033105726,
0.0081733251,
0.0043838234,
0.0079389112,
0.0128595997,
0.0127629610,
0.0073942784,
0.0028995988,
0.0082363943,
0.0112199225,
-0.0011449569,
-0.0063776849,
-0.0025287948,
0.0035880590,
0.0014023435,
-0.0000482447,
0.0003905405,
0.0059599564,
0.0088359406,
0.0038121233,
0.0100674955,
0.0140029769,
0.0152970757,
0.0089489603,
0.0078810276,
0.0127613554,
0.0110346777,
0.0022437195,
0.0030721435,
0.0149130430,
0.0128885396,
0.0089811515,
0.0050157933,
0.0064580347,
0.0066846423,
0.0062521352,
0.0006292274,
-0.0013819222,
0.0035499535,
0.0007900674,
-0.0052529667,
-0.0044447980,
0.0023846524,
0.0082951952,
0.0023531304,
0.0038354741,
0.0117794527,
0.0127984174,
0.0042832368,
0.0004490942,
0.0059446963,
0.0067820083,
-0.0006746451,
-0.0055400673,
-0.0027586506,
-0.0043496541,
-0.0065473253,
-0.0083416700,
-0.0039443285,
0.0045452272,
0.0019031859,
-0.0017091653,
-0.0001884041,
0.0008252903,
0.0023439513,
-0.0037892011,
-0.0082226824,
-0.0059350422,
-0.0065748021,
-0.0130158868,
-0.0158040076,
-0.0077007143,
0.0004462806,
-0.0028076302,
-0.0079188524,
-0.0048321267,
0.0049309623,
-0.0016760679,
-0.0092608863,
-0.0080067376,
-0.0067998101,
-0.0098510077,
-0.0128794573,
-0.0167256575,
-0.0070798434,
-0.0056967763,
-0.0089896601,
-0.0035942188,
-0.0025577703,
0.0017126765,
-0.0047159381,
-0.0107487924,
-0.0037512372,
0.0023627446,
-0.0023443673,
-0.0107903313,
-0.0033640421,
-0.0009523935,
-0.0022162041,
-0.0016862622,
-0.0012948230,
0.0072127813,
0.0013893923,
-0.0031464805,
-0.0024445632,
-0.0027129631,
-0.0008556315,
-0.0067324871,
-0.0079083126,
-0.0032122708,
0.0018740047,
-0.0027996094,
-0.0106169833,
-0.0049255649,
0.0046809008,
0.0043364032,
-0.0034130691,
-0.0018461454,
0.0071086604,
0.0036024312,
-0.0019233032,
-0.0006000547,
0.0059874915,
0.0032900888,
-0.0041049761,
-0.0027646068,
0.0009478207,
0.0038807571,
-0.0015460491,
-0.0016137206,
0.0028329066,
0.0030500893,
0.0005003222,
-0.0038647640,
-0.0023579081,
0.0022393253,
0.0016507575,
-0.0005037143,
-0.0023404770,
0.0068786144,
0.0069493265,
0.0017079669,
0.0065632886,
0.0113616558,
0.0141435824,
0.0066182227,
0.0000386724,
0.0061663706,
0.0061443336,
0.0015882240,
-0.0044856085,
0.0017990989,
0.0064817090,
0.0026705698,
-0.0000756098,
-0.0000858752,
0.0096453624,
0.0078161117,
0.0034205944,
0.0051457882,
0.0138203502,
0.0114093143,
-0.0000941200,
0.0021073408,
0.0097781317,
0.0113716107,
0.0084962808,
0.0022991321,
0.0060681123,
0.0093533657,
0.0056021307,
0.0070421752,
0.0082681952,
0.0095993448,
0.0085240975,
-0.0013856462,
-0.0008940894,
0.0047202795,
0.0041894685,
-0.0036629653,
-0.0009637121,
0.0076568802,
0.0143972794,
0.0088636857,
0.0027125899,
0.0092250165,
0.0087357117,
-0.0001408021,
-0.0058983210,
-0.0035869901,
-0.0018878898,
-0.0069572818,
-0.0094591193,
-0.0043714675,
0.0042257006,
0.0018245163,
-0.0052198214,
-0.0039944421,
0.0056163166,
0.0055311183,
0.0008043093,
-0.0077185184,
-0.0096316691,
-0.0026874861,
-0.0117360409,
-0.0166092962,
-0.0107427910,
-0.0079025906,
-0.0124254599,
-0.0124931261,
-0.0046589114,
0.0032478045,
0.0006612245,
-0.0104956198,
-0.0038940820,
0.0038048141,
0.0048223631,
-0.0021454513,
-0.0079056378,
-0.0041046110,
-0.0011677929,
-0.0032100729,
-0.0070660347,
-0.0028691404,
-0.0022209014,
-0.0124547807,
-0.0160073638,
-0.0062821484,
-0.0000847988,
-0.0056752930,
-0.0179782175,
-0.0130234938,
-0.0049041067,
-0.0056674518,
-0.0054878173,
-0.0057228254,
0.0001985744,
0.0031350143,
-0.0004340464,
-0.0008536899,
-0.0008416214,
0.0028018150,
-0.0043837274,
-0.0087826801,
-0.0046437075,
0.0017431157,
-0.0030755354,
-0.0137175433,
-0.0083584189,
0.0012287998,
0.0002504401,
-0.0075716334,
-0.0074891755,
0.0016957920,
0.0004970343,
-0.0041126641,
-0.0010075809,
0.0062781340,
0.0078084124,
-0.0003388400,
-0.0047250469,
0.0010683963,
0.0068943501,
0.0019530411,
-0.0051176785,
-0.0045893476,
0.0000755571,
0.0028812136,
-0.0033344491,
-0.0040191133,
0.0030920634,
0.0031806249,
-0.0038015170,
-0.0058841095,
0.0028353580,
0.0070432443,
0.0015846390,
-0.0036261664,
0.0073370906,
0.0158078708,
0.0127111785,
0.0090585332,
0.0096262572,
0.0116260434,
0.0105540287,
0.0005828732,
0.0009394607,
0.0064302445,
0.0027794861,
-0.0024014595,
-0.0016969059,
0.0102692302,
0.0147259198,
0.0066702850,
0.0025114366,
0.0148069942,
0.0160679370,
0.0048272689,
0.0002452507,
0.0052879015,
0.0074232607,
0.0040874667,
-0.0024937438,
0.0010647170,
0.0094891666,
0.0077977739,
0.0049760980,
0.0059376289,
0.0096760448,
0.0133435261,
0.0063795587,
-0.0015018864,
0.0022522039,
0.0085321246,
0.0016357785,
-0.0039737262,
0.0043766974,
0.0107102338,
0.0054028905,
-0.0003442097,
0.0050437921,
0.0107061071,
0.0063431165,
-0.0030389186,
-0.0028724549,
0.0040399847,
-0.0021005999,
-0.0070082778,
-0.0090622092,
-0.0033445596,
0.0031825518,
0.0020458535,
-0.0026728327,
0.0019025425,
0.0073288339,
0.0034501709,
-0.0024893652,
-0.0015556500,
0.0060231523,
0.0004451552,
-0.0182676204,
-0.0186013468,
-0.0088478941,
-0.0088752629,
-0.0143695911,
-0.0166768916,
-0.0092050796,
-0.0004200363,
-0.0031119888,
-0.0025448049,
0.0036562199,
0.0075079985,
0.0012309428,
-0.0040255692,
-0.0042836955,
-0.0002272762,
-0.0028937473,
-0.0145725124,
-0.0118823200,
-0.0006594791,
-0.0018006456,
-0.0130365342,
-0.0138773136,
-0.0036308407,
-0.0035997140,
-0.0085751014,
-0.0108643007,
-0.0052115279,
-0.0014523473,
-0.0105991019,
-0.0078517487,
-0.0006742382,
0.0032527905,
0.0014918817,
-0.0060776547,
-0.0048391749,
0.0030627563,
0.0023202528,
-0.0054424508,
-0.0103405546,
-0.0061928178,
0.0005052866,
-0.0064291176,
-0.0121771041,
-0.0046958243,
0.0021193260,
-0.0069834795,
-0.0108841350,
-0.0019006866,
0.0050223903,
-0.0000690608,
-0.0067821350,
-0.0003663113,
0.0075312098,
-0.0000438781,
-0.0055822521,
-0.0027404076,
-0.0000985419,
0.0014413114,
-0.0011612053,
-0.0020863279,
0.0019363277,
0.0072126426,
0.0036943576,
-0.0011765776,
0.0041665714,
0.0098004108,
0.0050697005,
-0.0060205446,
-0.0013747067,
0.0061478438,
0.0040632524,
-0.0020374241,
0.0000410999,
0.0083232680,
0.0090501104,
0.0049983063,
0.0024625259,
0.0116774514,
0.0147661176,
0.0055768145,
0.0007948643,
0.0053281374,
0.0097773494,
0.0028636125,
-0.0049228175,
0.0024612099,
0.0108953528,
0.0077515119,
-0.0019461124,
0.0069928579,
0.0148763089,
0.0104448525,
0.0049084537,
0.0028816173,
0.0085559189,
0.0081906244,
0.0007542553,
-0.0000269982,
0.0024043168,
0.0069574118,
0.0015162672,
-0.0009524099,
0.0072702570,
0.0126824491,
0.0084695322,
-0.0027326026,
0.0026709426,
0.0124943163,
0.0101113059,
-0.0003945961,
-0.0009893010,
0.0050884881,
0.0031535160,
-0.0021849517,
0.0015699603,
0.0063648755,
0.0076709292,
-0.0028147111,
-0.0045125438,
0.0020466493,
0.0051292009,
-0.0039705462,
-0.0068850918,
-0.0035811146,
0.0004654884,
0.0003885031,
-0.0054177684,
-0.0058284467,
0.0037463161,
0.0079306476,
0.0047379443,
0.0014000502,
0.0057256585,
0.0036261927,
-0.0061437655,
-0.0089396778,
-0.0027303053,
-0.0015398447,
-0.0158185363,
-0.0198769197,
-0.0121245207,
-0.0054484028,
-0.0067786109,
-0.0104439128,
-0.0052636401,
0.0012474031,
0.0027750337,
-0.0004296993,
0.0021056507,
0.0066587524,
0.0026042578,
-0.0049787904,
-0.0052555157,
0.0027609724,
-0.0006660611,
-0.0126892868,
-0.0172100179,
-0.0063386923,
-0.0049935924,
-0.0108566964,
-0.0154136913,
-0.0150665063,
-0.0082535800,
-0.0095079402,
-0.0086700162,
-0.0066317869,
-0.0026957309,
-0.0035902520,
-0.0050674165,
0.0003886236,
0.0071198950,
0.0101128295,
0.0021198634,
-0.0052100788,
0.0021772098,
0.0079067061,
-0.0027516370,
-0.0070654433,
-0.0023916592,
0.0013123255,
-0.0038352171,
-0.0112207737,
-0.0033312412,
0.0004849415,
-0.0050403727,
-0.0081278300,
-0.0007937363,
0.0038315384,
0.0021087031,
-0.0029422436,
-0.0010218284,
0.0041674119,
0.0062613878,
0.0019951682,
-0.0030159215,
0.0017116395,
0.0055248635,
0.0027539858,
-0.0009228884,
0.0002182522,
0.0027046015,
-0.0005036742,
-0.0091716144,
-0.0036485265,
0.0050476026,
0.0002551333,
-0.0044358387,
-0.0028585331,
0.0012739815,
0.0033139084,
-0.0028499858,
0.0013808846,
0.0095292674,
0.0097653624,
0.0017355133,
0.0037749738,
0.0071320492,
0.0108256675,
0.0015383482,
-0.0019699591,
0.0064877803,
0.0084292693,
0.0011418697,
-0.0015769056,
0.0057396670,
0.0097703980,
0.0112970779,
0.0081010200,
0.0048404429,
0.0079207197,
0.0051281047,
-0.0023094292,
-0.0026317425,
0.0006544401,
0.0036235973,
-0.0025558956,
-0.0008677066,
0.0049972469,
0.0129156988,
0.0086291982,
0.0052503720,
0.0130794896,
0.0171129890,
0.0119040394,
0.0065802136,
0.0092334999,
0.0147963772,
0.0049280059,
-0.0010220947,
-0.0009133415,
0.0037771137,
-0.0036250148,
-0.0075550941,
-0.0033016270,
0.0015144680,
0.0011096100,
-0.0037057763,
-0.0043661324,
-0.0012690315,
0.0012850864,
0.0017117501,
-0.0051898435,
-0.0021229428,
0.0053535635,
0.0071677961,
0.0000144773,
0.0023874759,
0.0097546484,
0.0070094545,
-0.0027652374,
-0.0023531730,
-0.0005431455,
-0.0070492001,
-0.0163928922,
-0.0174247511,
-0.0118615851,
-0.0085054040,
-0.0138263647,
-0.0107995067,
-0.0048556915,
0.0021707383,
0.0018946902,
0.0026859634,
0.0088591427,
0.0110257333,
0.0070744483,
-0.0020578243,
0.0012058099,
0.0023908061,
-0.0010049748,
-0.0104657002,
-0.0102169421,
-0.0062946505,
-0.0074580149,
-0.0150414919,
-0.0185137969,
-0.0099348985,
-0.0084610470,
-0.0131404856,
-0.0104883108,
-0.0050994391,
-0.0007902705,
-0.0050420430,
-0.0059113903,
-0.0010341880,
0.0056542512,
0.0036964205,
-0.0027157567,
0.0003772001,
0.0010569534,
0.0019670182,
-0.0055631986,
-0.0030952198,
0.0020699005,
-0.0035508801,
-0.0085735098,
-0.0112444740,
-0.0037654215,
-0.0012005768,
-0.0086004212,
-0.0061929831,
0.0016946950,
0.0060676141,
0.0019516090,
0.0007522456,
0.0001850547,
0.0039212210,
0.0058550388,
-0.0005693508,
0.0014622393,
0.0017994805,
-0.0005094979,
-0.0050045927,
-0.0036296030,
0.0077539161,
0.0081045376,
-0.0033295096,
-0.0053742104,
0.0029148280,
0.0061794487,
0.0018737215,
-0.0032739746,
-0.0027936094,
-0.0002634347,
-0.0032373180,
-0.0064914674,
-0.0033875823,
-0.0015900051,
-0.0032157013,
-0.0029591657,
0.0032735132,
0.0121046901,
0.0092563704,
-0.0001879778,
0.0034875832,
0.0119998734,
0.0099661890,
0.0054737949,
0.0027499567,
0.0063588489,
0.0092613557,
0.0094788875,
0.0047243573,
0.0073074950,
0.0086200424,
0.0034716008,
0.0031779951,
0.0032374600,
0.0059697819,
0.0018124409,
-0.0074080108,
-0.0060643060,
0.0039687562,
0.0102457451,
0.0053798589,
0.0082217688,
0.0159611199,
0.0199627057,
0.0161122363,
0.0145414919,
0.0186542924,
0.0146409255,
0.0061378730,
-0.0019087951,
0.0039336542,
0.0033266165,
-0.0036453716,
-0.0082484204,
-0.0046381718,
-0.0003392523,
-0.0009277058,
-0.0046911035,
-0.0060382416,
-0.0014195030,
0.0017119776,
-0.0016454353,
-0.0002065983,
0.0062732031,
0.0091142785,
0.0041797613,
-0.0016466832,
0.0081782583,
0.0144243091,
0.0066518513,
0.0005140750,
-0.0012023550,
0.0011896229,
-0.0059350049,
-0.0118098054,
-0.0125908675,
-0.0107671991,
-0.0157820042,
-0.0218698867,
-0.0172242559,
-0.0147935376,
-0.0080163358,
-0.0119043505,
-0.0089875273,
0.0014441373,
0.0105854310,
0.0057208124,
0.0003387485,
0.0061918478,
0.0078140674,
0.0067472635,
-0.0012011166,
-0.0036111735,
-0.0024069874,
-0.0151088005,
-0.0179539099,
-0.0172107462,
-0.0119727235,
-0.0106834210,
-0.0193832088,
-0.0174940880,
-0.0096952738,
-0.0059907278,
-0.0084762108,
-0.0088784890,
-0.0061346767,
0.0014757343,
0.0025668056,
-0.0021017590,
0.0024357315,
0.0138669461,
0.0088989856,
0.0021850409,
0.0013211449,
0.0078666368,
0.0028714479,
-0.0098200319,
-0.0082178861,
-0.0031749962,
-0.0042111808,
-0.0123495944,
-0.0121040493,
-0.0066607143,
-0.0055865562,
-0.0072426186,
-0.0074245404,
-0.0017911179,
0.0012197453,
0.0033775705,
-0.0014216029,
0.0023150169,
0.0121523216,
0.0095025292,
0.0058584008,
0.0027373598,
0.0076115448,
0.0051943827,
-0.0010788299,
-0.0037273134,
0.0011454646,
0.0039364398,
-0.0056291129,
-0.0108753648,
-0.0029844828,
0.0006546651,
-0.0026083542,
-0.0098987054,
-0.0064676758,
0.0017770113,
-0.0005300619,
-0.0053513004,
0.0017850708,
0.0103322305,
0.0125852795,
0.0079413587,
0.0101981498,
0.0163403563,
0.0157047138,
0.0091899065,
0.0031288909,
0.0069749453,
0.0081782378,
0.0065992628,
0.0004338074,
0.0050274124,
0.0090009216,
0.0067185163,
0.0007154408,
0.0047654277,
0.0111346971,
0.0066567957,
-0.0034527064,
-0.0047343625,
0.0019555665,
0.0087006446,
0.0019610173,
0.0008869604,
0.0097231390,
0.0125157982,
0.0088155949,
0.0080824839,
0.0137540959,
0.0178394504,
0.0091335326,
0.0020910639,
0.0049730856,
0.0112183783,
0.0049782451,
-0.0059263338,
-0.0074110529,
-0.0010578545,
0.0010870679,
-0.0026861252,
-0.0088529177,
-0.0045020040,
-0.0004659417,
-0.0024103217,
-0.0034388630,
0.0015942972,
0.0065188115,
0.0016508135,
-0.0057617445,
0.0057460885,
0.0130779278,
0.0102588525,
0.0003404268,
0.0009985539,
0.0074825520,
0.0065149483,
-0.0037809638,
-0.0108880010,
-0.0102239121,
-0.0098379087,
-0.0154660139,
-0.0176326819,
-0.0145181250,
-0.0091006663,
-0.0139382835,
-0.0166096538,
-0.0049530854,
0.0098558059,
0.0091509847,
0.0004842908,
0.0049104863,
0.0129573783,
0.0095167402,
0.0047868933,
-0.0024361843,
0.0009285431,
-0.0007728932,
-0.0137039414,
-0.0140908547,
-0.0128113981,
-0.0135196242,
-0.0177153014,
-0.0227240138,
-0.0190020707,
-0.0077244970,
-0.0070428480,
-0.0148239825,
-0.0085114799,
0.0028204080,
0.0029357686,
-0.0020607885,
-0.0027397799,
0.0088035800,
0.0096898749,
-0.0033564724,
-0.0031175360,
0.0079774214,
0.0089634610,
-0.0028283775,
-0.0041940683,
-0.0016028188,
0.0033640238,
-0.0051480653,
-0.0139133595,
-0.0100023635,
-0.0076892953,
-0.0084437458,
-0.0089990087,
-0.0089010745,
0.0002390722,
0.0030348601,
-0.0015958737,
-0.0042259442,
0.0075036245,
0.0109435758,
0.0051776045,
-0.0052158139,
0.0009667060,
0.0069387285,
0.0037434539,
-0.0031176759,
0.0018088863,
0.0050283219,
0.0011809076,
-0.0041495119,
-0.0015193935,
0.0047493288,
0.0050833365,
-0.0039512673,
-0.0061043538,
-0.0000729707,
0.0007624035,
-0.0081828618,
-0.0091975350,
0.0014395382,
0.0081996322,
0.0034976869,
0.0007736165,
0.0064002587,
0.0141912233,
0.0116899470,
0.0057848911,
0.0046160887,
0.0127696693,
0.0139013417,
0.0053304071,
0.0045778304,
0.0100436676,
0.0170256179,
0.0084997434,
0.0045075449,
0.0074302042,
0.0118562216,
0.0032687858,
-0.0075036911,
0.0007337456,
0.0055785249,
-0.0008240149,
-0.0115896957,
-0.0030509881,
0.0047536413,
0.0056215627,
0.0028744035,
0.0086949710,
0.0227937493,
0.0200397782,
0.0129338801,
0.0120203625,
0.0156092448,
0.0129509307,
0.0026113084,
-0.0021386694,
-0.0047402061,
0.0002583402,
-0.0085797822,
-0.0131909512,
-0.0100537222,
-0.0027400414,
-0.0018402510,
-0.0120504536,
-0.0092713516,
0.0046231281,
0.0090899337,
0.0026144278,
0.0020733536,
0.0123803494,
0.0140538551,
0.0085675688,
0.0056010741,
0.0120147979,
0.0110915732,
0.0036156327,
0.0015409813,
0.0000906029,
-0.0007978161,
-0.0069899326,
-0.0184621792,
-0.0170622263,
-0.0129856402,
-0.0106902551,
-0.0215522405,
-0.0183626320,
-0.0057517067,
0.0004193377,
0.0011853911,
-0.0013114582,
0.0074157631,
0.0091752950,
0.0036047734,
0.0016145449,
0.0046875803,
0.0066460157,
-0.0045405724,
-0.0123551823,
-0.0109849665,
-0.0067885946,
-0.0094575370,
-0.0199602097,
-0.0250432063,
-0.0182850398,
-0.0110365562,
-0.0156477727,
-0.0166123249,
-0.0069554178,
0.0025007303,
-0.0032429020,
-0.0051616668,
0.0024249759,
0.0103851315,
0.0033865205,
-0.0050929519,
0.0048928484,
0.0109766237,
0.0020336187,
-0.0048228870,
-0.0009224154,
-0.0000941785,
-0.0048651593,
-0.0133630093,
-0.0136127342,
-0.0079654586,
-0.0090802470,
-0.0118645709,
-0.0143774515,
-0.0082029765,
-0.0021170478,
-0.0012435007,
-0.0038230275,
0.0011161187,
0.0084114606,
0.0059360913,
-0.0005690714,
0.0009083408,
0.0090293828,
0.0071360958,
-0.0053058169,
-0.0045084590,
0.0056263441,
0.0040563061,
-0.0058163730,
-0.0071166474,
0.0021209745,
0.0050544431,
-0.0001333097,
-0.0032701939,
0.0034335447,
0.0035894443,
-0.0022447163,
-0.0029732976,
0.0028754761,
0.0052375169,
0.0023563181,
-0.0016378649,
-0.0013576418,
0.0088002728,
0.0103616640,
0.0056209117,
0.0050600413,
0.0059807203,
0.0108396346,
0.0035423834,
0.0038894941,
0.0121836215,
0.0170179736,
0.0113631971,
0.0053157238,
0.0111212358,
0.0152158132,
0.0101011023,
0.0033893883,
0.0045170370,
0.0114657907,
0.0026752288,
-0.0066673215,
-0.0065109320,
-0.0014541844,
-0.0006911224,
-0.0042495853,
0.0018324433,
0.0106754713,
0.0119134523,
0.0056181606,
0.0067208125,
0.0177134741,
0.0200723596,
0.0176297184,
0.0077132084,
0.0045240987,
0.0057796296,
0.0024046060,
-0.0008719037,
-0.0008209702,
0.0025013885,
-0.0022389027,
-0.0096446071,
-0.0096672233,
0.0005042977,
-0.0000320861,
-0.0074064322,
-0.0050036772,
0.0011887026,
0.0075837793,
0.0040193638,
0.0023219709,
0.0103752818,
0.0102864560,
0.0064149913,
0.0034582263,
0.0066419160,
0.0068151727,
0.0004328713,
-0.0080984114,
-0.0068909139,
-0.0055400631,
-0.0110736210,
-0.0229005907,
-0.0232097991,
-0.0137830535,
-0.0104245925,
-0.0110953320,
-0.0107032675,
-0.0039285105,
0.0031480135,
0.0018262664,
0.0061650788,
0.0067066457,
0.0061200582,
-0.0037011409,
-0.0079565002,
-0.0050774859,
-0.0009863020,
-0.0052628084,
-0.0156165846,
-0.0152668124,
-0.0129534118,
-0.0096857753,
-0.0169806518,
-0.0176891163,
-0.0064897360,
-0.0064309388,
-0.0107564498,
-0.0089649623,
-0.0014213037,
0.0002891777,
-0.0061241258,
-0.0070578670,
0.0022330615,
0.0072969031,
-0.0001062861,
-0.0029274866,
0.0038200442,
0.0051660370,
0.0057987086,
0.0033571310,
-0.0017932351,
-0.0012171523,
-0.0037238512,
-0.0087666726,
-0.0084737679,
-0.0040312489,
-0.0035084006,
-0.0080459351,
-0.0123797953,
-0.0059215510,
0.0042278729,
0.0008812221,
-0.0034504519,
0.0022260926,
0.0070532090,
0.0036811922,
-0.0000387332,
0.0032416768,
0.0076354067,
0.0040410357,
-0.0044920929,
0.0028215351,
0.0106693702,
0.0064024618,
-0.0005364279,
0.0017419236,
0.0080224536,
0.0071145501,
0.0010981089,
-0.0018619484,
-0.0009095299,
-0.0017403224,
-0.0050606681,
-0.0089631667,
-0.0064255134,
-0.0017911221,
-0.0007373854,
-0.0025673741,
0.0004413229,
0.0094961245,
0.0080850422,
0.0058684386,
0.0103116455,
0.0171457622,
0.0187304784,
0.0113354363,
0.0100064510,
0.0148129426,
0.0160329770,
0.0067787855,
0.0032189609,
0.0094372546,
0.0042404942,
0.0001991889,
-0.0056593423,
-0.0008680112,
0.0022284121,
-0.0053833756,
-0.0074733510,
0.0008713125,
0.0057411869,
0.0058357506,
0.0045498502,
0.0114534004,
0.0193995219,
0.0228334572,
0.0156310163,
0.0088960975,
0.0122260265,
0.0106363315,
0.0056495769,
-0.0024106756,
-0.0008787413,
-0.0001353850,
-0.0084704384,
-0.0143545456,
-0.0064256955,
-0.0021195081,
-0.0072577065,
-0.0088362480,
-0.0028843035,
0.0044952617,
0.0049577882,
-0.0018578466,
0.0042834515,
0.0097511690,
0.0104979062,
0.0067765773,
0.0083717182,
0.0069883121,
0.0077303150,
0.0012060425,
-0.0034748623,
-0.0000762981,
-0.0054393802,
-0.0134110339,
-0.0238713473,
-0.0183009636,
-0.0132175218,
-0.0143461637,
-0.0206586309,
-0.0178468600,
-0.0054515451,
-0.0044488627,
-0.0016308336,
0.0026979123,
0.0062241773,
0.0064105885,
0.0011117322,
-0.0005104823,
0.0016488886,
-0.0008400510,
-0.0108789327,
-0.0147531098,
-0.0132866241,
-0.0081493296,
-0.0117742680,
-0.0180893987,
-0.0140175307,
-0.0044011632,
-0.0057315696,
-0.0082105845,
-0.0053867763,
0.0033072410,
-0.0003755436,
-0.0043249875,
-0.0032521132,
0.0075150300,
0.0056751901,
-0.0017255011,
0.0004568319,
0.0013376294,
0.0016578032,
0.0013976275,
-0.0069226157,
-0.0004343510,
0.0001885026,
-0.0003214830,
-0.0072301966,
-0.0022720152,
0.0012465639,
-0.0018056283,
-0.0103358608,
-0.0101961102,
-0.0003611606,
0.0013766382,
-0.0053917132,
-0.0047425274,
0.0010994587,
0.0045492994,
0.0004055481,
0.0003721841,
0.0044905054,
0.0058295084,
-0.0012906729,
-0.0010634016,
0.0059138234,
0.0082679074,
0.0033886915,
-0.0004736087,
0.0068015624,
0.0099108219,
0.0078856340,
0.0018683949,
-0.0007644642,
0.0035045666,
0.0043825335,
-0.0022821324,
-0.0083021494,
-0.0068560848,
-0.0025410652,
-0.0069992286,
-0.0045899884,
0.0013018784,
0.0080572981,
0.0024905996,
-0.0008372396,
0.0071112607,
0.0144423023,
0.0152334999,
0.0063862065,
0.0079941181,
0.0142270923,
0.0131652169,
0.0072752088,
0.0070915706,
0.0088037886,
0.0097387359,
0.0045690713,
-0.0008237343,
0.0092757195,
0.0061244913,
-0.0030256500,
-0.0056446712,
-0.0025092992,
0.0026819750,
0.0019360431,
0.0002670434,
0.0035535379,
0.0118943453,
0.0140551403,
0.0091541661,
0.0149794873,
0.0193446521,
0.0201874878,
0.0087283356,
0.0004038248,
0.0072988751,
0.0087434649,
-0.0036904742,
-0.0076516909,
-0.0034007269,
0.0010622230,
-0.0028596744,
-0.0080626477,
-0.0035016108,
0.0026324345,
-0.0010609548,
-0.0009323934,
0.0040112729,
0.0057034101,
0.0034482549,
-0.0026266617,
-0.0018490499,
0.0052286456,
0.0096288482,
0.0021531326,
-0.0003421240,
0.0016701205,
0.0013686785,
-0.0039879805,
-0.0139274998,
-0.0122908149,
-0.0097180549,
-0.0152116008,
-0.0175939891,
-0.0154815186,
-0.0081358524,
-0.0102310209,
-0.0138194505,
-0.0049172291,
0.0064923111,
0.0082582897,
0.0016777857,
-0.0022325167,
0.0016053993,
0.0055176229,
0.0012532902,
-0.0091814306,
-0.0082554501,
-0.0041205138,
-0.0083158361,
-0.0149411224,
-0.0129877757,
-0.0044809650,
-0.0060493150,
-0.0160671137,
-0.0131890718,
-0.0044442117,
-0.0045338152,
-0.0120637855,
-0.0082756868,
0.0018639864,
0.0022301837,
-0.0050443709,
-0.0061172941,
-0.0017469254,
0.0016325398,
0.0001363519,
-0.0015386739,
-0.0012027881,
0.0049191816,
0.0024413117,
-0.0043735253,
-0.0044549382,
0.0015042425,
-0.0002943978,
-0.0120141031,
-0.0142010218,
-0.0079551805,
-0.0047128918,
-0.0113713145,
-0.0155856367,
-0.0031573509,
0.0044566225,
-0.0013407581,
-0.0056806663,
0.0011094603,
0.0062475856,
0.0062584928,
0.0006534001,
0.0011595847,
0.0089903064,
0.0037461810,
0.0001694578,
0.0015471691,
0.0077384533,
0.0059416890,
0.0018780668,
-0.0025313173,
0.0017058385,
0.0096442048,
0.0016898063,
-0.0062025916,
-0.0054429593,
-0.0017926029,
-0.0025757733,
-0.0078204479,
-0.0034653894,
0.0043193446,
0.0032244716,
-0.0006078479,
0.0001603921,
0.0129354978,
0.0164902806,
0.0100314440,
0.0069341832,
0.0141805420,
0.0195018705,
0.0098729394,
0.0037446492,
0.0088328952,
0.0142954001,
0.0065791430,
0.0004318991,
0.0072962376,
0.0103640519,
0.0053380062,
-0.0042024045,
-0.0013735454,
0.0063764281,
0.0036133188,
-0.0026789354,
-0.0030285800,
0.0019146258,
0.0095654633,
0.0076088747,
0.0053343121,
0.0125017026,
0.0183063131,
0.0129055055,
0.0077128974,
0.0102214124,
0.0158041306,
0.0057689110,
-0.0044183265,
-0.0037270780,
0.0044431295,
0.0014501474,
-0.0058938800,
-0.0065710437,
0.0011905815,
0.0016855320,
-0.0024193770,
0.0003465446,
0.0037397994,
0.0060670152,
0.0012453366,
-0.0040640035,
0.0016542473,
0.0069621303,
0.0052200500,
-0.0043719769,
-0.0025778378,
0.0021767623,
0.0043879002,
-0.0030689759,
-0.0117027434,
-0.0049918839,
-0.0035667280,
-0.0127193294,
-0.0139501709,
-0.0097802943,
-0.0057594627,
-0.0142571665,
-0.0172989611,
-0.0088758413,
0.0027481816,
0.0014655050,
-0.0053086360,
-0.0019740511,
0.0062463982,
0.0076829898,
-0.0012431132,
-0.0046523046,
0.0011939504,
-0.0001149890,
-0.0104072355,
-0.0151571902,
-0.0047953711,
0.0004218617,
-0.0137133803,
-0.0170004219,
-0.0091292374,
-0.0024830713,
-0.0076028979,
-0.0127945701,
-0.0074547026,
-0.0006492127,
-0.0023018799,
-0.0080051981,
-0.0047478573,
-0.0001655744,
0.0004251121,
-0.0048398254,
-0.0085650217,
-0.0006154296,
0.0037396089,
-0.0034916706,
-0.0101225413,
-0.0029133619,
0.0032841149,
-0.0015883519,
-0.0106710847,
-0.0060925731,
-0.0019587914,
-0.0040495950,
-0.0120544862,
-0.0068764230,
-0.0018017963,
-0.0057105166,
-0.0108524729,
-0.0072680656,
0.0020484743,
0.0044081733,
-0.0021415059,
-0.0008207080,
0.0059612649,
0.0101849604,
0.0019327512,
0.0004708203,
0.0040414082,
0.0100875041,
0.0115963984,
0.0006659579,
0.0020960283,
0.0100245569,
0.0090734838,
0.0008927239,
0.0023581591,
0.0034591644,
0.0040057213,
-0.0065776510,
-0.0102732889,
-0.0011514938,
0.0016063411,
-0.0033917185,
-0.0075641917,
-0.0001578989,
0.0091001717,
0.0066901259,
0.0008203072,
0.0063606221,
0.0146280648,
0.0128461421,
0.0050407145,
0.0068288906,
0.0152090332,
0.0104052117,
0.0058219819,
0.0035480415,
0.0153921004,
0.0097361477,
0.0015244343,
-0.0028241959,
0.0007574881,
0.0073299971,
0.0011726688,
-0.0042379829,
-0.0016200363,
0.0056858575,
0.0061581121,
-0.0004079514,
0.0056072883,
0.0163225010,
0.0162165016,
0.0053648301,
0.0052441563,
0.0109341871,
0.0121333245,
-0.0011855602,
-0.0034185091,
0.0025596595,
0.0022380664,
-0.0073150038,
-0.0067126509,
-0.0007120310,
0.0007661257,
-0.0009510145,
-0.0033267436,
0.0047697518,
0.0115717100,
0.0032638400,
-0.0002209638,
0.0015663859,
0.0030798749,
0.0029648915,
-0.0008527352,
-0.0055627567,
0.0034625293,
0.0034694895,
0.0009963571,
-0.0014907356,
-0.0003114770,
0.0037033132,
-0.0060376641,
-0.0128021035,
-0.0105098737,
-0.0024809763,
-0.0104233343,
-0.0166300666,
-0.0115438588,
-0.0026927823,
0.0002962681,
-0.0049514254,
-0.0039714323,
0.0068623829,
0.0053670490,
0.0008597916,
-0.0027241637,
0.0017446685,
-0.0003040252,
-0.0068259002,
-0.0137698445,
-0.0059960950,
-0.0013449765,
-0.0113077108,
-0.0150604770,
-0.0065984279,
-0.0011056366,
-0.0037714238,
-0.0085643083,
-0.0057212980,
0.0000498198,
-0.0010292579,
-0.0052283565,
-0.0053674337,
-0.0035441585,
-0.0050195302,
-0.0084918914,
-0.0098428279,
-0.0020226776,
0.0022870027,
-0.0014376999,
-0.0057153320,
0.0022912598,
0.0098719262,
0.0058594956,
-0.0028490832,
-0.0010584266,
0.0057910969,
0.0009131006,
-0.0081239194,
-0.0065904395,
-0.0030659866,
-0.0028456992,
-0.0072785644,
-0.0050999420,
0.0034157829,
0.0008541176,
-0.0045977212,
-0.0027775427,
0.0028313883,
0.0041458528,
0.0001733305,
-0.0025964461,
-0.0010809364,
0.0057920320,
0.0024651552,
-0.0009416899,
-0.0005405023,
0.0064732209,
0.0070661772,
0.0035522811,
0.0039111981,
0.0078565013,
0.0042504994,
-0.0050118491,
-0.0051536080,
0.0008309482,
0.0026525273,
-0.0072087822,
-0.0108051691,
-0.0037101584,
0.0018038509,
0.0014755295,
0.0024780000,
0.0069453856,
0.0109732291,
0.0075532850,
0.0026135622,
0.0086659640,
0.0124921547,
0.0058449800,
-0.0003131377,
0.0033482173,
0.0097972099,
0.0090210009,
0.0061207074,
0.0016794025,
0.0067635123,
0.0069321012,
0.0041847043,
0.0006939360,
0.0014137618,
0.0024879230,
-0.0039767884,
-0.0070720203,
0.0030090276,
0.0121814329,
0.0089730611,
0.0022920032,
0.0068883859,
0.0152189666,
0.0142489728,
0.0066537806,
0.0075962017,
0.0121390438,
0.0062166834,
0.0008104480,
-0.0009783772,
0.0029351071,
-0.0008436340,
-0.0065895366,
-0.0052372809,
0.0007532295,
0.0037555820,
-0.0026830598,
-0.0046284064,
0.0014645682,
0.0065245288,
0.0103708440,
0.0019884415,
0.0000251677,
-0.0021729767,
0.0012618642,
-0.0006129360,
0.0005998284,
0.0071636634,
0.0026399957,
-0.0073126010,
-0.0078640105,
-0.0001459465,
-0.0014822738,
-0.0066510839,
-0.0150090717,
-0.0096376613,
-0.0044634338,
-0.0048903683,
-0.0076117925,
-0.0025447176,
0.0030503687,
0.0017865788,
-0.0010855856,
0.0003535356,
0.0043008109,
0.0002497931,
-0.0109924544,
-0.0088418480,
-0.0021505479,
-0.0042311889,
-0.0115698799,
-0.0136413146,
-0.0053281919,
-0.0065612071,
-0.0071964730,
-0.0067190882,
-0.0065245926,
-0.0024307843,
-0.0043427614,
-0.0059783314,
-0.0019182889,
-0.0000597407,
-0.0028492738,
-0.0116714891,
-0.0099364128,
-0.0035775085,
-0.0013488083,
-0.0065523628,
-0.0074052433,
0.0010650486,
0.0036889107,
0.0007842816,
-0.0005422407,
0.0088542290,
0.0084534567,
0.0026870877,
0.0005523921,
0.0032892139,
0.0044019888,
-0.0030493657,
-0.0110877017,
-0.0020973242,
-0.0008395723,
-0.0036968254,
-0.0078475662,
-0.0049749366,
-0.0042611943,
-0.0032910220,
-0.0018324674,
-0.0028447742,
-0.0000835069,
0.0026653442,
-0.0022734234,
-0.0000590380,
0.0025675816,
0.0111873159,
0.0054865149,
-0.0002252782,
0.0035650397,
0.0087396866,
0.0049032215,
-0.0043364740,
-0.0017763743,
0.0009136702,
-0.0021706717,
-0.0101273246,
-0.0075545744,
-0.0022048396,
-0.0060727936,
-0.0085596005,
-0.0062866393,
0.0026466444,
0.0057211183,
0.0036556618,
0.0042998623,
0.0137071917,
0.0180213265,
0.0115840957,
0.0056556482,
0.0091734538,
0.0119262850,
0.0095416903,
0.0041812556,
0.0015558917,
0.0086935554,
0.0083824741,
0.0022450662,
0.0034955763,
0.0053338846,
0.0053396909,
-0.0006355457,
-0.0001717062,
0.0068538301,
0.0127292052,
0.0047612120,
0.0026984913,
0.0111167189,
0.0154458638,
0.0135302283,
0.0079867980,
0.0086137522,
0.0122830253,
0.0057867598,
-0.0003690909,
0.0015637577,
0.0018441532,
-0.0013208676,
-0.0063826377,
-0.0022067435,
0.0046143248,
0.0054971199,
-0.0026815315,
-0.0025219130,
0.0056280470,
0.0061471900,
0.0039609666,
-0.0011445376,
-0.0021660163,
0.0044113421,
-0.0014455516,
-0.0040343450,
-0.0022021206,
0.0030530419,
-0.0013048727,
-0.0061945948,
-0.0047916789,
0.0009209053,
0.0013205684,
-0.0100453869,
-0.0083823595,
-0.0045593367,
-0.0018967406,
-0.0087047853,
-0.0096037667,
-0.0051914998,
-0.0026514891,
-0.0054776911,
-0.0105230547,
-0.0038090623,
0.0007819303,
-0.0044029094,
-0.0099686431,
-0.0070319693,
-0.0020257987,
-0.0056119375,
-0.0136673767,
-0.0129007604,
-0.0051774061,
-0.0008930473,
-0.0058309198,
-0.0055658314,
-0.0012770469,
0.0009310949,
-0.0011928545,
-0.0049659759,
0.0009356834,
0.0026548584,
-0.0069656260,
-0.0165694244,
-0.0134326406,
-0.0076496461,
-0.0050366698,
-0.0138277011,
-0.0152136758,
-0.0072908732,
-0.0013151492,
-0.0026152676,
0.0035832243,
0.0081862025,
0.0082752854,
0.0032139374,
0.0026337465,
0.0109542292,
0.0103043383,
-0.0025717800,
-0.0067844759,
-0.0007149887,
0.0027823900,
-0.0007518360,
-0.0064680115,
-0.0078092450,
-0.0036520998,
-0.0006846743,
-0.0044241808,
-0.0076146806,
-0.0050636632,
-0.0050889887,
-0.0076287957,
-0.0050080586,
0.0041064629,
0.0088938726,
-0.0004009678,
-0.0051113549,
0.0021096771,
0.0100191962,
0.0095074782,
0.0003954832,
0.0020717792,
0.0060185362,
0.0033612130,
-0.0044549648,
-0.0028429045,
-0.0005092912,
-0.0036738499,
-0.0079377722,
-0.0074282996,
0.0043063294,
0.0039577000,
-0.0036478429,
-0.0022138502,
0.0106320512,
0.0138626890,
0.0100086909,
0.0052407938,
0.0070718774,
0.0148842493,
0.0119954534,
0.0061109634,
0.0081863403,
0.0104609234,
0.0103085395,
0.0018596709,
0.0006492907,
0.0119134299,
0.0111341840,
0.0023403289,
-0.0046280972,
-0.0001580098,
0.0067445356,
0.0011773236,
-0.0013214804,
0.0024356085,
0.0075286767,
0.0023242882,
0.0020638816,
0.0082597611,
0.0115803452,
0.0137257008,
0.0052064001,
0.0052143252,
0.0087256460,
0.0088820588,
-0.0014364590,
-0.0068415580,
0.0011960290,
0.0061602122,
0.0013809658,
-0.0060583297,
-0.0065201824,
-0.0006411183,
-0.0054609654,
-0.0059096147,
-0.0010190353,
0.0040730922,
-0.0004193220,
-0.0081174783,
-0.0039305850,
0.0050738039,
0.0051502269,
-0.0012320395,
-0.0064876978,
-0.0022336782,
0.0033146623,
-0.0002593900,
-0.0051586684,
-0.0015848859,
0.0048829243,
-0.0016773641,
-0.0093690157,
-0.0073416154,
-0.0012027553,
-0.0058395346,
-0.0147419684,
-0.0096320473,
0.0009640033,
-0.0003588381,
-0.0080694631,
-0.0064733662,
0.0018669106,
0.0027186065,
-0.0057498123,
-0.0065213908,
-0.0084710401,
-0.0035630092,
-0.0082790200,
-0.0107303038,
-0.0040400666,
-0.0015691742,
-0.0014720549,
-0.0097586568,
-0.0064179525,
-0.0003566287,
0.0012525228,
-0.0068889633,
-0.0110294577,
-0.0032100501,
-0.0026543287,
-0.0088769868,
-0.0153982360,
-0.0062826890,
-0.0003492645,
-0.0079774447,
-0.0094665475,
0.0004521110,
0.0077428352,
0.0038344176,
-0.0026470157,
0.0018130405,
0.0098360656,
0.0066023730,
0.0003743892,
-0.0010719792,
0.0027136586,
-0.0005073344,
-0.0077608349,
-0.0098127397,
-0.0056391717,
0.0000293407,
-0.0071163615,
-0.0089462372,
-0.0046089161,
-0.0004883315,
-0.0024205898,
-0.0092170397,
-0.0046973485,
0.0021696715,
0.0034900953,
-0.0030782674,
-0.0029011685,
0.0052649300,
0.0100059258,
0.0033070846,
0.0018364151,
0.0113026127,
0.0146586969,
0.0032857584,
-0.0036948293,
0.0030997174,
0.0050080968,
-0.0019724087,
-0.0108582862,
-0.0060389633,
0.0037826819,
0.0006776282,
-0.0042711222,
0.0003869027,
0.0103639327,
0.0125600938,
0.0107273655,
0.0056852070,
0.0127827479,
0.0150154708,
0.0059297611,
0.0038963032,
0.0066206921,
0.0115363486,
0.0079388358,
0.0003308445,
0.0055799251,
0.0121512404,
0.0074186120,
-0.0001498515,
0.0019788863,
0.0098970365,
0.0087599978,
-0.0013543931,
-0.0030386639,
0.0056841802,
0.0072036874,
0.0017138552,
0.0007965279,
0.0097718220,
0.0096263168,
0.0051316116,
0.0024116780,
0.0073488755,
0.0120103862,
0.0049262070,
-0.0061972653,
-0.0045433994,
0.0044847550,
0.0019253646,
-0.0029097125,
-0.0066508520,
0.0012596978,
0.0083618080,
-0.0000121810,
0.0006346792,
0.0049786824,
0.0033368366,
-0.0022060676,
-0.0039608339,
0.0017427453,
0.0058850376,
0.0006659731,
-0.0074673933,
-0.0029409043,
0.0068947496,
0.0041567031,
-0.0020344900,
-0.0016885712,
0.0076123131,
0.0090530757,
-0.0023236568,
-0.0029938882,
0.0050966395,
0.0028204047,
-0.0078851394,
-0.0096053453,
-0.0034585048,
-0.0010016825,
-0.0082463454,
-0.0135612469,
-0.0072010392,
-0.0032657715,
-0.0038268184,
-0.0108356448,
-0.0117196888,
-0.0066548809,
-0.0043093152,
-0.0109051913,
-0.0125403367,
-0.0005986487,
0.0013558416,
-0.0043396750,
-0.0074970727,
0.0000126723,
0.0054481258,
-0.0007864587,
-0.0084411595,
-0.0094690062,
-0.0022650808,
-0.0103252148,
-0.0161390360,
-0.0108018722,
-0.0082873264,
-0.0091556357,
-0.0142885540,
-0.0080327420,
0.0026165210,
0.0046244967,
-0.0039712144,
-0.0031899586,
0.0085128918,
0.0064501204,
0.0022400145,
-0.0057010958,
-0.0061390060,
0.0010316131,
-0.0040553892,
-0.0087235225,
-0.0028332397,
0.0029071888,
-0.0036187298,
-0.0069793817,
-0.0032465414,
0.0030091244,
0.0030958988,
-0.0090009328,
-0.0094712917,
-0.0017108414,
-0.0009441943,
-0.0023766188,
-0.0047013094,
0.0015995356,
0.0080259461,
0.0067304778,
0.0012472798,
0.0096141752,
0.0137194283,
0.0055046557,
0.0022529445,
0.0043065557,
0.0112800505,
0.0035989932,
-0.0097282929,
-0.0057788962,
-0.0004644950,
-0.0032450203,
-0.0064470265,
-0.0012465124,
0.0040957984,
0.0094317188,
0.0073941639,
0.0035928886,
0.0130665945,
0.0163452066,
0.0093652690,
0.0048994590,
0.0068626441,
0.0100118443,
0.0068425904,
-0.0018995320,
0.0013009127,
0.0100911353,
0.0073284004,
-0.0007563960,
0.0031292033,
0.0072251423,
0.0072062970,
0.0024490166,
0.0043487581,
0.0076648383,
0.0071665309,
-0.0020642618,
-0.0054073702,
0.0056990003,
0.0119017418,
0.0085800234,
0.0079848245,
0.0099883704,
0.0160628259,
0.0162414610,
0.0069640391,
0.0053092875,
0.0088139800,
0.0015244987,
-0.0012262624,
-0.0028913766,
0.0007067509,
0.0004749031,
-0.0103299692,
-0.0110011222,
0.0002940003,
0.0066878460,
-0.0021377224,
-0.0052430732,
-0.0052474109,
0.0009077775,
0.0044673271,
-0.0024056020,
0.0024052730,
0.0068809330,
0.0015184759,
-0.0015793624,
0.0029621334,
0.0064672548,
0.0012052064,
-0.0079988120,
-0.0097740572,
0.0035558746,
-0.0001334594,
-0.0107876873,
-0.0091733932,
-0.0062913187,
-0.0050194911,
-0.0081283702,
-0.0106094666,
-0.0071735587,
-0.0056083109,
-0.0094434172,
-0.0090404693,
-0.0043515810,
-0.0020226210,
-0.0046300786,
-0.0101307668,
-0.0093110325,
0.0001731396,
-0.0036981851,
-0.0147521961,
-0.0145224156,
-0.0103466688,
-0.0038535232,
-0.0073005296,
-0.0128246360,
-0.0047275261,
0.0003936965,
-0.0036423828,
-0.0068809884,
-0.0033218202,
-0.0051070447,
-0.0060664704,
-0.0090577649,
-0.0030139242,
0.0057990653,
-0.0029440459,
-0.0042675361,
0.0027269616,
0.0054606451,
0.0057255104,
0.0007009198,
-0.0041003674,
0.0013250452,
0.0047330828,
-0.0018278825,
-0.0057184817,
-0.0064523816,
-0.0030154223,
-0.0078105610,
-0.0089417771,
0.0004437733,
0.0049433401,
-0.0037083926,
-0.0057979804,
-0.0050684214,
0.0017204864,
0.0023294629,
-0.0047012796,
-0.0040735849,
0.0035051585,
0.0066300826,
0.0022280400,
-0.0009622284,
0.0011482509,
0.0069128685,
0.0040926510,
0.0005329180,
0.0118877403,
0.0095889000,
0.0001469515,
-0.0013719419,
0.0052945027,
0.0083966348,
0.0038297763,
-0.0048569380,
-0.0069047934,
-0.0027674020,
-0.0031588085,
-0.0013074204,
0.0035202857,
0.0093537206,
0.0080681611,
0.0065248464,
0.0042373794,
0.0127704572,
0.0154206473,
0.0067126807,
0.0026619229,
0.0053178896,
0.0103931446,
0.0060330452,
0.0015330317,
0.0050013019,
0.0089526074,
0.0048587187,
0.0001101313,
0.0035534278,
0.0040308554,
0.0010885233,
-0.0032098477,
0.0007612308,
0.0099818325,
0.0054308982,
-0.0022903206,
0.0016163585,
0.0094506340,
0.0152652320,
0.0155200176,
0.0118805142,
0.0103545412,
0.0127570983,
0.0091503747,
0.0037984096,
0.0060263956,
0.0053495783,
0.0003167375,
-0.0094190193,
-0.0061444603,
0.0043472825,
-0.0015512244,
-0.0082293646,
-0.0090289228,
0.0004811711,
0.0017566329,
-0.0025850721,
-0.0035685580,
-0.0011628157,
-0.0000071257,
-0.0029842015,
-0.0009686786,
-0.0003814543,
0.0034243804,
-0.0033786320,
-0.0086588543,
-0.0014532113,
0.0027492694,
-0.0030783033,
-0.0118320612,
-0.0107601145,
-0.0039717248,
-0.0061758412,
-0.0122124702,
-0.0129429149,
-0.0111339502,
-0.0088891853,
-0.0102401106,
-0.0069447393,
-0.0036506611,
-0.0007079042,
-0.0052707745,
-0.0083665429,
-0.0045322725,
0.0003920511,
-0.0020316413,
-0.0123061286,
-0.0084958235,
-0.0020133276,
-0.0014402031,
-0.0060724933,
-0.0047065476,
0.0040576840,
0.0008830474,
-0.0064028185,
-0.0047475430,
0.0003181135,
-0.0008123490,
-0.0071560284,
-0.0102269258,
-0.0063801971,
-0.0025573857,
-0.0094534764,
-0.0094004609,
-0.0020493739,
-0.0002855663,
0.0047750813,
0.0020194175,
0.0026076604,
0.0070990692,
0.0065384228,
-0.0003776680,
0.0004098059,
0.0025704219,
0.0027176901,
-0.0063948249,
-0.0117354076,
-0.0069434806,
-0.0026610955,
-0.0065145693,
-0.0070790253,
-0.0010301193,
0.0035365499,
0.0013908874,
-0.0023027461,
0.0024182186,
0.0069225337,
0.0053348714,
-0.0017685631,
0.0021220539,
0.0087714372,
0.0059970841,
-0.0008097970,
0.0017868020,
0.0105808675,
0.0097864810,
-0.0001695064,
-0.0023192221,
0.0021161651,
0.0027702567,
-0.0034898506,
-0.0079435781,
-0.0090875719,
-0.0048185447,
-0.0044280845,
-0.0062275380,
-0.0017378962,
0.0072297337,
0.0083197663,
0.0040773586,
0.0088591287,
0.0147418296,
0.0171847437,
0.0072663110,
0.0048012091,
0.0121593196,
0.0135051934,
0.0027305400,
0.0007309707,
0.0069728093,
0.0073155602,
0.0053118165,
0.0007856833,
0.0051608169,
0.0058117481,
-0.0001423664,
-0.0004882304,
0.0032216194,
0.0112525411,
0.0075037894,
0.0018181382,
0.0005740214,
0.0109781250,
0.0167865083,
0.0138070229,
0.0086107459,
0.0091535402,
0.0170500372,
0.0102441711,
0.0045458772,
0.0058787856,
0.0046788407,
-0.0002827097,
-0.0098008681,
-0.0026007909,
0.0039641028,
-0.0001802969,
-0.0077970191,
-0.0045243655,
0.0045730271,
0.0072215539,
0.0014805618,
-0.0002267087,
0.0057233172,
0.0074319071,
0.0004907725,
-0.0043808469,
-0.0010007024,
-0.0002008610,
-0.0069906460,
-0.0122211482,
-0.0047130315,
0.0009312768,
-0.0054257857,
-0.0134041999,
-0.0073455665,
-0.0007588952,
0.0018593501,
-0.0042818990,
-0.0082684075,
-0.0038369629,
-0.0032114473,
-0.0097630396,
-0.0100373933,
-0.0031958453,
-0.0012397469,
-0.0035565919,
-0.0103934584,
-0.0056757405,
0.0020136379,
-0.0015931474,
-0.0082850680,
-0.0073250504,
-0.0028182741,
-0.0042687543,
-0.0099088270,
-0.0094485069,
-0.0043938952,
-0.0024622285,
-0.0066025564,
-0.0056477026,
0.0042806435,
0.0042711473,
-0.0040703365,
-0.0078428872,
0.0012101313,
0.0018592535,
-0.0027133618,
-0.0108456975,
-0.0076695788,
-0.0008775858,
0.0003517768,
-0.0032833414,
-0.0044920701,
0.0013364605,
0.0046774768,
-0.0019981996,
-0.0042878804,
0.0000691519,
0.0036448671,
-0.0100646857,
-0.0147481170,
-0.0098972386,
-0.0032421243,
-0.0052180067,
-0.0123931058,
-0.0078324396,
-0.0006231124,
0.0015079079,
-0.0062505966,
-0.0025215521,
0.0042688097,
0.0042158202,
-0.0000163544,
-0.0037029420,
0.0075337533,
0.0105912406,
-0.0019332496,
-0.0037628640,
0.0072330730,
0.0108423876,
0.0060278028,
-0.0023478116,
0.0001384961,
0.0061114295,
0.0005511646,
-0.0025836844,
-0.0004762129,
0.0031810543,
-0.0003337008,
-0.0069934363,
-0.0081702247,
0.0058637350,
0.0129760094,
0.0057042898,
0.0016774639,
0.0073410203,
0.0131139383,
0.0072285132,
0.0035805500,
0.0112796314,
0.0162063520,
0.0069398936,
0.0021182192,
0.0056742467,
0.0089268079,
0.0078902636,
0.0002378381,
0.0027619293,
0.0067287460,
0.0071319668,
-0.0010120284,
-0.0004415776,
0.0078295963,
0.0086399298,
0.0059280349,
-0.0036431218,
-0.0027886953,
0.0039031100,
0.0043431344,
0.0047402950,
0.0065656053,
0.0175275244,
0.0136613436,
0.0054845735,
0.0059713987,
0.0135748237,
0.0113062663,
-0.0007382393,
-0.0060690604,
0.0015599089,
0.0053055375,
-0.0044047199,
-0.0096550882,
-0.0051543312,
0.0008557749,
-0.0019884657,
-0.0065406500,
0.0007822255,
0.0067387335,
0.0041046506,
-0.0029097288,
-0.0018007034,
0.0062162359,
0.0062140310,
-0.0070921509,
-0.0052942643,
0.0023431748,
0.0036581429,
-0.0022251657,
-0.0055488660,
-0.0026274987,
0.0020743881,
-0.0034664809,
-0.0105257062,
-0.0078786733,
-0.0049157096,
-0.0084071318,
-0.0139416466,
-0.0110586407,
-0.0030869110,
0.0016313586,
-0.0077301315,
-0.0099395365,
0.0013386377,
0.0066605555,
0.0010607591,
-0.0037782153,
0.0055540125,
0.0067558046,
-0.0036213957,
-0.0128763225,
-0.0091701429,
-0.0031290960,
-0.0135053769,
-0.0190959796,
-0.0120499302,
-0.0055543454,
-0.0066884523,
-0.0116634406,
-0.0087933177,
-0.0025450387,
-0.0019786723,
-0.0072339997,
-0.0067799501,
-0.0046186256,
0.0006081187,
-0.0028974856,
-0.0041168048,
0.0022123521,
0.0089418283,
0.0048851706,
-0.0077090962,
-0.0041569881,
0.0028044099,
-0.0016335433,
-0.0076760650,
-0.0103204623,
-0.0038612061,
-0.0051844791,
-0.0120521113,
-0.0116410283,
0.0002090105,
0.0028893084,
-0.0008887100,
-0.0064887530,
0.0020197420,
0.0085940929,
0.0042275917,
-0.0046561109,
0.0017455763,
0.0102369217,
0.0039390475,
-0.0037618761,
0.0021180608,
0.0092096105,
0.0073653860,
0.0022958270,
0.0018436708,
0.0091149118,
0.0120760128,
0.0015953016,
-0.0029784001,
0.0004975460,
0.0008170137,
-0.0033503585,
-0.0096014319,
-0.0063262391,
0.0034992020,
-0.0000510481,
-0.0057040760,
0.0019124178,
0.0099301729,
0.0086875819,
0.0030899802,
0.0041342475,
0.0149918701,
0.0169269778,
0.0072493069,
0.0056015891,
0.0118924771,
0.0098979324,
0.0039101490,
0.0012945626,
0.0057032676,
0.0097984336,
-0.0000877177,
-0.0044290992,
0.0008887884,
0.0082694525,
0.0049978485,
0.0005673431,
-0.0020899312,
0.0029715518,
0.0056049181,
0.0005240469,
-0.0009524907,
0.0054613692,
0.0108033475,
0.0069642859,
0.0054457090,
0.0089466199,
0.0144626619,
0.0051447754,
-0.0027342571,
0.0040965406,
0.0108948648,
0.0047438070,
-0.0104669910,
-0.0056786789,
-0.0048436215,
-0.0032067148,
-0.0078725554,
-0.0051082303,
0.0028692910,
-0.0004817138,
-0.0037334810,
-0.0029624696,
0.0046547358,
0.0063208276,
-0.0027611454,
-0.0051543405,
-0.0007160074,
0.0072250650,
0.0020762011,
-0.0054427185,
-0.0029670773,
0.0029848095,
0.0019376182,
-0.0056888419,
-0.0042184819,
0.0001071560,
-0.0037458304,
-0.0114664389,
-0.0130820088,
-0.0039416552,
-0.0006620335,
-0.0078814486,
-0.0079849567,
-0.0028190892,
0.0039859880,
-0.0002574468,
-0.0012037809,
0.0051059802,
0.0063641099,
0.0000318138,
-0.0073415823,
-0.0013154196,
0.0015702753,
-0.0060824840,
-0.0159196332,
-0.0152662108,
-0.0069684298,
-0.0089457193,
-0.0143134920,
-0.0151346680,
-0.0094538843,
-0.0062273545,
-0.0046431501,
-0.0090437513,
